NPI
1003275553
1003275553
1003906868
1003906868
1003906868
1003906868
1003906868
1003906868
1013157346
1023091121
1023115557
1033112628
1033165527
1033165527
1033165527
1033165527
1033165527
1033165527
1033165527
1033572615
1033572615
1043260243
1043260243
1043260243
1043260243
1043260243
1043260243
1043260243
1043260243
1043260243
1043260243
1043260243
1043260243
1043260243
1043260243
1043260243
1063406999
1063412716
1063412716
1063412716
1063412716
1063412716
1063412716
1063412716
1063412716
1063889939
1073882197
1073882197
1073882197
1073882197
1073882197
1073882197
1073882197
1073882197
1073882197
1073882197
1073882197
1073882197
1073882197
1073883153
1073955787
1083611644
1083937304
1083937304
1083937304
1083937304
1083937304
1083937304
1083937304
1083937304
1083937304
1093137796
1093137796
1093137796
1093767543
1093767543
1093767543
1093929291
1124120589
1134134471
1134149057
1134149057
1134149057
1134149057
1134149057
1134149057
1134149057
1154336493
1154354512
1154403798
1154403798
1154403798
1154403798
1154403798
1154403798
1154403798
1154403798
1154403798
1154403798
1154403798
1154403798
1164430567
1164460598
1164460598
1164522108
1164522108
1174592844
1174592844
1174634349
1194720656
1194720656
1194720656
1194720656
1194720656
1194720656
1194720656
1194720656
1194720656
1194723981
1194972042
1194972042
1194972042
1205923596
1205923596
1205923596
1215236500
1225046006
1235181744
1255306726
1255306726
1255306726
1255306726
1255306726
1255306726
1255306726
1255306726
1255306726
1255306726
1255306726
1255306726
1255306726
1255306726
1255306726
1255306726
1255306726
1255306726
1255306726
1265565824
1265565824
1265565824
1265565824
1275682627
1285055319
1285055319
1285055319
1285055319
1285055319
1285055319
1285055319
1285055319
1285055319
1285055319
1285055319
1285055319
1285055319
1285055319
1285055319
1285055319
1285055319
1285055319
1285055319
1285055319
1285055319
1285055319
1285055319
1285055319
1285055319
1285055319
1285625111
1285625111
1285625111
1285625111
1285625111
1285625111
1295008472
1306176839
1306220603
1306220603
1306857974
1316058571
1316058571
1326349689
1356518369
1366465866
1366559122
1376558619
1376582767
1376827998
1376827998
1376941526
1386651297
1386651297
1386651297
1386675791
1396783981
1417060898
1417197757
1427170083
1427298868
1427447614
1437254612
1437399334
1447219449
1447219449
1447219449
1447219449
1447219449
1447219449
1447219449
1447219449
1447242383
1447242383
1447490826
1467555722
1497710958
1497760755
1528208428
1538567789
1548302870
1548555907
1568444271
1568573442
1578920013
1578920013
1598839045
1598936775
1609274851
1609876556
1619117512
1619962321
1619985942
1619985942
1619985942
1629168406
1629168406
1629168406
1629481551
1629527494
1639134505
1639280548
1639575954
1649310111
1649455536
1659360196
1669431524
1669431524
1669584009
1679513196
1679513196
1679513196
1679513196
1679513196
1679644017
1689688988
1689688988
1710080171
1710941158
1710941158
1710941158
1710941158
1710941158
1720096092
1720107519
1730194077
1730511320
1740231356
1740231356
1740231356
1740231356
1740622133
1740629245
1750340832
1750386231
1750517561
1750765665
1750765665
1770511297
1770695835
1780690156
1780699025
1801800594
1801800594
1801800594
1821006867
1821493511
1831104173
1841579703
1851507453
1851606685
1851606685
1851620298
1851620298
1851620298
1861479677
1861479677
1871892166
1891186987
1891709192
1891709192
1891709192
1891709192
1891802914
1891935797
1902909237
1912249590
1912249590
1912249590
1922012350
1922012350
1932112125
1932112125
1932112125
1932112125
1932112125
1932112125
1932192598
1932192598
1932192598
1942257431
1942311105
1952652984
1962417204
1972518215
1972811008
1982819025
1982844874
1992708176
1992708176
1992708176
1992708176
1992708176
1992708176
1992708176
1992708176
1992708176
1992708176
1992708176
1992708176
1992708176
1992708176
1992890743
