PROCEDURE_CODE	Q12012	Q12013	Q12014	Q12015	Q12016	Q22012	Q22013	Q22014	Q22015	Q22016	Q32012	Q32013	Q32014	Q32015	Q32016	Q42012	Q42013	Q42014	Q42015	Q42016
A4550	44	3	6	3	0	21	4	10	1	2	8	2	87	1	0	0	0	18	2	0
A4575	20	2	92	30	23	20	12	78	26	22	16	47	39	34	0	31	94	29	24	0
A4590	82	15	15	5	3	101	8	12	3	6	61	12	7	10	0	13	6	11	4	0
A4611	44	57	37	57	11	61	50	36	38	16	55	33	42	28	0	52	26	41	16	0
A4613	22	2	6	17	2	8	22	5	10	4	17	12	16	8	0	5	25	27	5	0
A4635	9	14	6	6	3	16	12	8	2	2	16	6	6	3	0	8	8	4	8	0
A4649	2078	1704	1611	1840	1780	1750	1461	1535	2462	1784	1507	1602	1654	2774	0	1561	1621	1657	1830	0
A6205	0	8	7	4	1	4	10	5	7	0	10	4	8	5	0	5	9	5	1	0
A6241	35	27	39	45	23	20	35	33	38	9	21	39	46	42	0	13	41	40	50	0
A6246	12	11	28	1	3	21	6	16	7	3	10	2	8	7	0	7	5	8	2	0
A6251	3416	2667	1909	1813	1176	3017	2674	1793	1793	1227	2854	3095	1803	1739	0	2757	2042	1776	1403	0
A6256	1	0	3	10	1	1	1	5	5	5	3	2	4	7	0	0	6	9	1	0
A6512	24	73	54	24	41	23	44	38	28	20	25	68	41	67	0	42	43	17	26	0
A6535	78	82	75	86	55	83	76	76	72	40	88	86	71	80	0	77	86	78	69	0
A6536	272	344	241	161	101	252	310	246	182	108	315	280	238	181	0	367	282	234	212	0
A6541	10	21	7	1	6	11	23	8	9	2	17	9	9	9	0	19	27	10	17	0
A6544	4	7	3	2	1	3	1	4	3	7	2	1	3	11	0	2	2	2	5	0
A7011	93	44	20	12	0	53	42	34	20	0	46	26	20	13	0	38	37	16	35	0
A7014	3192	3305	3956	4096	2188	2781	3545	3784	4086	1993	2924	3550	3517	3981	0	3080	3914	3509	2777	0
A7025	0	0	4	4	0	2	4	0	3	0	0	0	1	4	0	1	0	4	1	0
A9999	6731	7935	5018	3360	2407	6766	7180	5349	3183	2257	6972	6198	5743	3141	0	7365	5651	5407	2744	0
B4083	0	19	14	12	10	0	14	13	13	10	0	17	12	13	0	14	17	10	13	0
B4104	76	48	74	60	40	51	65	70	45	30	32	78	58	54	0	39	56	48	46	0
E0111	191	141	127	148	90	205	168	156	165	119	196	174	161	142	0	194	154	165	123	0
E0113	23	11	20	26	2	17	11	30	21	3	16	16	23	21	0	17	18	23	6	0
E0116	308	227	210	242	76	324	213	204	219	59	300	229	222	82	0	246	191	202	87	0
E0117	35	56	54	29	35	26	46	48	34	35	41	44	40	47	0	46	45	33	57	0
E0144	357	170	150	145	82	402	186	148	145	97	280	171	126	123	0	234	218	128	112	0
E0187	1	0	0	0	0	0	0	0	0	0	0	0	0	0	0	0	1	0	2	0
E0196	798	494	476	373	287	679	496	451	399	204	602	480	436	352	0	575	527	379	315	0
E0198	1	0	0	0	0	1	1	1	0	0	2	1	0	1	0	1	0	0	0	0
E0199	315	255	146	103	76	395	293	141	116	61	300	203	114	80	0	263	183	107	93	0
E0273	4	2	3	1	1	0	5	3	2	1	2	0	3	3	0	2	3	3	0	0
E0291	0	0	3	3	1	0	0	8	3	3	0	2	7	6	0	1	3	3	3	0
E0296	232	207	95	102	89	265	200	78	108	78	248	155	88	126	0	206	139	92	138	0
E0300	1	0	3	5	0	1	2	4	3	0	0	0	3	3	0	1	1	7	1	0
E0371	0	369	281	553	407	0	321	373	515	347	0	294	428	505	0	361	239	526	449	0
E0450	5919	4976	4662	3888	0	5663	4810	4363	3728	0	5367	4741	4271	3671	0	5081	4656	4110	3497	0
E0455	0	1	1	0	0	0	1	0	0	0	0	2	0	1	0	0	0	0	0	0
E0460	74	66	51	39	0	73	63	50	31	0	70	57	43	36	0	61	51	44	170	0
E0461	818	667	688	711	0	794	684	703	720	0	791	683	707	779	0	745	645	726	749	0
E0463	8534	9756	11088	11898	4	8784	10017	11159	12109	4	9199	10093	11423	12239	0	9195	10410	11459	12177	0
E0464	4735	9352	22432	49500	1	5595	11083	27410	58606	0	6605	13606	33773	64458	0	7712	17632	41998	66284	0
E0472	0	88	62	44	20	0	72	48	32	18	0	79	52	34	0	73	61	48	27	0
E0485	5	5	7	3	7	9	6	5	5	5	11	2	9	16	0	9	7	7	7	0
E0572	44	74	49	46	39	48	79	46	50	32	24	73	36	58	0	42	48	38	50	0
E0575	40	21	8	15	7	29	13	5	17	4	21	16	8	15	0	18	4	8	13	0
E0604	38	23	26	38	11	24	29	25	42	13	25	21	32	25	0	57	24	27	13	0
E0619	12	10	9	12	5	4	13	5	12	7	1	10	7	14	0	4	8	6	8	0
E0636	719	726	751	1778	906	691	775	791	1954	576	721	856	1069	1880	0	751	813	1504	1686	0
E0640	101	85	28	35	62	89	71	13	56	11	103	72	25	43	0	91	84	23	58	0
E0650	475	632	687	1791	650	610	707	794	1275	504	673	780	956	948	0	632	595	1351	631	0
E0660	69	94	37	36	21	74	62	40	21	15	72	64	35	32	0	73	37	25	25	0
E0675	1863	9130	4829	5280	3000	1932	9560	5983	4814	2466	2016	4563	6355	4544	0	6671	4216	5543	3825	0
E0930	72	60	89	22	14	65	53	74	18	11	63	61	51	19	0	66	97	27	16	0
E0948	19	15	2	4	3	28	4	5	11	2	19	6	3	7	0	19	5	6	3	0
E0967	75	79	69	60	35	83	83	44	55	36	109	77	54	60	0	81	74	57	35	0
E0968	5	6	7	1	8	8	10	4	3	3	8	6	2	8	0	3	7	2	9	0
E0992	0	674	528	508	393	0	684	540	592	397	0	561	499	572	0	686	578	493	457	0
E1010	731	566	711	948	776	815	643	876	959	694	740	691	964	992	0	708	834	1039	1054	0
E1014	32	16	29	22	18	36	15	36	34	9	29	25	20	38	0	19	29	19	24	0
E1060	4	2	9	2	0	2	1	5	2	0	3	5	7	1	0	2	1	7	1	0
E1070	0	0	0	0	0	1	3	1	1	0	0	0	0	0	0	1	1	1	1	0
E1084	0	0	0	1	0	3	1	1	1	1	0	0	2	1	0	1	1	1	1	0
E1089	0	0	0	0	0	1	1	1	1	0	0	0	0	0	0	1	1	1	1	0
E1090	5	2	2	2	1	5	3	1	0	0	4	2	1	2	0	2	2	1	0	0
E1093	10	5	12	7	2	4	12	4	7	4	7	28	4	4	0	4	16	2	4	0
E1130	14	10	3	1	1	13	6	4	5	2	13	5	1	1	0	7	7	4	3	0
E1220	4	2	12	2	0	5	0	1	2	1	0	1	3	1	0	1	0	5	1	0
E1222	0	1	0	0	0	0	0	0	0	0	2	0	0	1	0	3	0	0	1	0
E1228	4	0	3	0	0	3	0	0	0	0	0	0	1	1	0	0	2	2	0	0
E1391	0	627	467	347	135	0	585	416	309	124	0	546	407	226	0	586	494	377	175	0
E2215	51	33	23	18	18	60	41	32	23	10	39	37	17	27	0	29	30	30	20	0
E2222	261	235	186	174	127	263	218	177	141	132	282	243	167	198	0	257	209	194	165	0
E2227	7	1	5	7	13	1	2	2	12	2	4	4	0	9	0	1	7	1	10	0
E2230	1	0	4	0	0	0	1	4	0	0	0	4	3	2	0	4	2	4	1	0
E2291	0	0	0	0	0	2	0	1	0	0	0	1	2	1	0	0	1	0	0	0
E2292	0	1	0	0	0	0	0	3	0	2	0	5	2	2	0	0	1	0	2	0
E2362	0	3	4	50	11	0	3	27	27	13	0	8	40	15	0	3	9	33	15	0
E2364	0	28	58	20	15	0	24	33	10	6	0	24	46	14	0	13	58	68	40	0
E2381	0	950	712	414	451	0	1082	1015	581	547	0	1246	1038	657	0	1191	1037	549	621	0
E2391	0	1315	925	672	680	0	1103	1132	806	754	0	1305	1237	1001	0	1462	1146	964	881	0
E2397	24	11	1	4	4	25	15	6	14	2	16	16	10	5	0	19	13	3	8	0
E2626	27	28	5	1	2	48	18	2	8	6	30	8	5	7	0	28	9	6	4	0
K0020	4042	2876	2079	257	96	3949	2545	1571	165	75	3887	2571	1113	124	0	3398	2440	472	115	0
K0037	82	46	55	36	47	79	56	54	53	48	87	54	48	60	0	74	66	39	72	0
K0044	253	217	176	151	166	252	208	193	207	142	235	223	179	233	0	220	174	210	185	0
K0046	80	49	33	39	28	89	49	36	45	35	70	49	28	48	0	68	32	64	63	0
K0050	15	10	6	5	2	3	16	8	1	0	11	9	4	3	0	4	8	9	1	0
K0065	195	84	34	31	25	191	136	38	45	36	126	42	52	67	0	122	44	61	38	0
K0071	118	116	125	106	125	155	115	94	153	120	135	110	142	165	0	121	118	158	169	0
K0073	14	14	16	13	11	13	5	7	7	9	16	8	18	33	0	14	6	9	21	0
K0734	0	0	0	0	0	0	0	0	0	0	0	1	0	1	0	0	1	0	0	0
K0812	0	0	0	0	0	0	0	0	2	0	0	0	2	0	0	0	0	1	1	0
K0813	0	106	45	19	11	0	88	42	18	9	0	70	25	17	0	130	45	28	10	0
K0814	0	1288	696	140	70	0	1127	544	111	60	0	1012	380	105	0	1383	867	203	81	0
K0826	0	183	158	161	126	0	156	162	155	117	0	144	154	166	0	234	144	158	155	0
K0830	19	6	1	10	3	13	10	1	6	1	8	6	6	5	0	4	6	8	3	0
K0831	160	78	20	33	13	124	60	23	28	13	128	40	28	29	0	99	32	32	25	0
K0838	19	6	3	4	11	16	9	8	6	13	15	5	4	15	0	15	7	4	19	0
K0840	2	0	1	0	0	1	0	0	0	1	3	0	1	2	0	0	1	2	1	0
K0850	57	43	34	24	19	64	52	23	27	19	67	40	31	27	0	52	25	17	28	0
K0853	42	18	14	10	2	41	26	18	11	5	28	15	29	8	0	27	13	13	6	0
K0859	9	3	0	0	2	8	1	0	1	0	4	0	0	1	0	1	0	0	3	0
K0863	17	4	3	0	1	9	7	10	0	4	15	6	3	4	0	8	5	3	5	0
K0864	0	0	0	0	0	0	1	0	0	1	3	0	0	0	0	0	0	0	2	0
L0112	0	0	7	4	3	0	0	6	2	2	0	4	1	4	0	0	2	2	4	0
L0130	0	0	39	32	29	0	0	46	30	17	0	50	29	43	0	0	31	35	36	0
L0160	0	0	80	99	85	0	0	105	103	77	0	116	130	109	0	0	90	94	103	0
L0190	0	0	48	20	19	0	0	60	30	26	0	48	40	35	0	0	41	29	31	0
L0210	0	0	1	0	0	0	0	0	0	0	0	0	2	1	0	0	1	0	0	0
L0454	0	0	97	58	67	0	0	99	69	56	0	110	85	70	0	0	117	71	93	0
L0480	0	0	36	21	20	0	0	35	38	16	0	52	32	20	0	0	32	30	37	0
L0490	0	0	13	3	3	0	0	3	5	3	0	2	5	5	0	0	3	10	4	0
L0622	0	0	10	16	16	0	0	24	15	19	0	27	13	23	0	0	14	16	30	0
L0633	0	0	195	147	101	0	0	223	141	134	0	265	224	136	0	0	276	186	158	0
L0638	0	0	83	109	92	0	0	113	112	96	0	115	103	164	0	0	100	102	101	0
L0643	0	0	46	94	127	0	0	121	152	140	0	0	120	175	0	0	0	140	185	0
L0651	0	0	47	10	42	0	0	58	14	29	0	0	28	33	0	0	0	39	59	0
L0810	0	0	5	2	3	0	0	7	1	3	0	4	3	2	0	0	7	3	7	0
L0859	0	0	48	43	0	0	0	77	52	2	0	57	43	58	0	0	46	54	3	0
L0861	0	0	3	0	3	0	0	5	1	1	0	5	10	2	0	0	4	0	3	0
L0974	0	0	21	15	17	0	0	9	9	9	0	16	13	24	0	0	16	10	22	0
L0982	0	0	9	2	13	0	0	17	20	11	0	7	18	20	0	0	4	6	11	0
L1000	0	0	1	4	0	0	0	0	0	1	0	1	0	6	0	0	0	0	0	0
L1010	0	0	16	12	8	0	0	16	11	6	0	23	13	7	0	0	13	13	12	0
L1020	0	0	17	22	16	0	0	18	19	10	0	28	19	16	0	0	15	21	21	0
L1030	0	0	11	4	3	0	0	8	4	2	0	8	3	4	0	0	5	4	5	0
L1040	0	0	14	5	8	0	0	19	11	7	0	14	12	17	0	0	11	16	9	0
L1060	0	0	6	4	5	0	0	4	4	7	0	6	6	9	0	0	4	6	9	0
L1110	0	0	1	0	0	0	0	0	0	0	0	0	0	1	0	0	0	0	0	0
L1200	0	0	6	14	8	0	0	15	8	6	0	7	12	13	0	0	20	9	12	0
L1220	0	0	225	142	148	0	0	206	184	106	0	230	176	166	0	0	224	186	182	0
L1240	0	0	30	28	22	0	0	45	24	21	0	40	48	39	0	0	45	42	28	0
L1250	0	0	20	19	19	0	0	17	20	7	0	35	17	14	0	0	19	29	29	0
L1260	0	0	9	11	10	0	0	11	6	9	0	2	6	16	0	0	8	14	11	0
L1270	0	0	31	36	29	0	0	34	41	16	0	35	29	30	0	0	30	45	38	0
L1290	0	0	23	22	23	0	0	28	21	14	0	30	18	23	0	0	27	28	24	0
L1300	0	0	19	18	18	0	0	27	25	25	0	19	14	26	0	0	21	30	34	0
L1620	0	0	0	0	2	0	0	5	2	0	0	3	2	1	0	0	2	1	2	0
L1630	0	0	1	0	0	0	0	1	0	1	0	3	0	2	0	0	1	0	1	0
L1640	0	0	7	1	1	0	0	2	1	2	0	5	3	3	0	0	0	1	1	0
L1660	0	0	4	2	1	0	0	2	2	1	0	5	1	2	0	0	1	3	1	0
L1680	0	0	12	5	6	0	0	18	10	6	0	13	8	10	0	0	16	11	7	0
L1815	0	0	1	0	0	0	0	0	0	0	0	1	0	1	0	0	0	0	0	0
L1840	0	0	9	7	10	0	0	16	16	6	0	6	8	14	0	0	10	13	10	0
L1847	0	0	13	5	2	0	0	15	12	10	0	27	13	10	0	0	15	13	7	0
L1848	0	0	6	8	1	0	0	21	4	3	0	0	3	9	0	0	0	5	9	0
L1860	0	0	1	1	0	0	0	2	3	0	0	1	4	3	0	0	3	2	1	0
L1900	0	0	41	30	34	0	0	34	35	22	0	36	33	36	0	0	21	42	45	0
L2030	0	0	17	13	16	0	0	22	17	18	0	25	13	24	0	0	22	25	23	0
L2034	0	0	11	8	8	0	0	15	13	7	0	13	10	9	0	0	14	8	17	0
L2035	0	0	0	1	0	0	0	0	0	0	0	0	0	0	0	0	1	1	2	0
L2038	0	0	10	6	4	0	0	11	5	5	0	13	6	7	0	0	8	5	9	0
L2040	0	0	6	4	8	0	0	3	9	9	0	9	6	7	0	0	7	8	22	0
L2050	0	0	2	2	0	0	0	2	2	2	0	1	1	3	0	0	1	2	3	0
L2090	0	0	0	4	0	0	0	0	4	2	0	2	0	1	0	0	0	1	4	0
L2132	0	0	0	1	2	0	0	3	1	2	0	2	1	2	0	0	2	6	8	0
L2182	0	0	27	12	11	0	0	23	33	24	0	26	30	28	0	0	25	18	24	0
L2300	0	0	5	4	0	0	0	3	4	1	0	17	1	3	0	0	12	6	2	0
L2335	0	0	63	50	37	0	0	57	63	75	0	54	107	80	0	0	33	85	62	0
L2520	0	0	4	7	4	0	0	4	10	4	0	4	13	12	0	0	3	6	11	0
L2530	0	0	17	17	18	0	0	27	24	22	0	28	18	25	0	0	31	24	28	0
L2540	0	0	35	32	26	0	0	34	23	54	0	31	42	51	0	0	25	28	56	0
L2570	0	0	8	5	7	0	0	10	8	8	0	9	7	9	0	0	5	5	10	0
L2580	0	0	1	0	0	0	0	1	1	1	0	1	0	3	0	0	0	3	1	0
L2627	0	0	6	7	2	0	0	7	1	2	0	4	5	3	0	0	5	3	2	0
L2628	0	0	4	6	3	0	0	5	7	3	0	4	5	7	0	0	2	11	5	0
L2640	0	0	14	13	8	0	0	19	5	6	0	34	12	8	0	0	17	17	12	0
L2768	0	0	22	47	19	0	0	41	51	31	0	38	42	47	0	0	47	55	37	0
L2861	0	0	3	7	3	0	0	9	10	9	0	5	16	8	0	0	10	3	7	0
L3070	0	0	28	121	40	0	0	36	238	42	0	102	103	223	0	0	29	253	132	0
L3160	0	0	2	1	1	0	0	5	1	0	0	7	3	2	0	0	0	5	1	0
L3202	0	0	5	6	1	0	0	2	8	4	0	3	5	7	0	0	1	2	5	0
L3203	0	0	0	0	4	0	0	5	2	2	0	3	4	6	0	0	2	6	2	0
L3206	0	0	0	1	1	0	0	1	2	0	0	2	0	0	0	0	4	3	5	0
L3211	0	0	14	3	5	0	0	20	10	6	0	14	36	1	0	0	22	3	15	0
L3213	0	0	0	0	0	0	0	0	0	0	0	0	0	1	0	0	0	0	0	0
L3219	0	0	173	215	173	0	0	200	241	224	0	185	216	258	0	0	232	223	243	0
L3251	0	0	16	15	10	0	0	13	7	11	0	20	13	12	0	0	9	13	18	0
L3252	0	0	38	30	29	0	0	62	48	14	0	35	42	40	0	0	50	35	43	0
L3360	0	0	91	73	69	0	0	100	96	63	0	91	91	95	0	0	102	115	88	0
L3370	0	0	66	45	67	0	0	84	81	57	0	96	83	86	0	0	111	60	83	0
L3430	0	0	64	62	35	0	0	80	59	80	0	80	130	82	0	0	84	88	78	0
L3440	0	0	43	31	36	0	0	82	68	33	0	27	47	33	0	0	45	32	60	0
L3450	0	0	66	58	54	0	0	88	93	80	0	58	129	94	0	0	76	90	79	0
L3455	0	0	5	2	2	0	0	3	5	0	0	6	7	6	0	0	1	5	4	0
L3500	0	0	13	11	2	0	0	15	13	6	0	11	5	9	0	0	5	8	5	0
L3590	0	0	1	4	2	0	0	4	5	1	0	0	5	7	0	0	6	2	2	0
L3595	0	0	5	5	1	0	0	6	6	5	0	3	9	8	0	0	5	2	3	0
L3640	0	0	5	2	0	0	0	0	1	2	0	1	0	3	0	0	0	2	0	0
L3710	254	295	330	439	198	265	298	345	283	261	244	356	390	312	0	237	298	479	270	0
L3891	0	0	4	2	10	0	0	3	45	24	0	9	3	40	0	0	4	17	21	0
L3932	0	0	0	0	0	0	0	0	0	0	0	0	0	1	0	0	0	0	0	0
L3962	0	0	40	40	28	0	0	43	37	20	0	55	52	37	0	0	62	50	30	0
L3973	0	0	4	3	5	0	0	7	5	2	0	4	3	4	0	0	5	2	6	0
L3975	0	0	1	0	0	0	0	0	0	0	0	2	0	1	0	0	0	1	0	0
L4060	0	0	6	11	14	0	0	14	11	8	0	17	17	15	0	0	15	10	15	0
L4090	0	0	37	27	19	0	0	39	29	23	0	43	29	36	0	0	40	34	30	0
L4100	0	0	40	38	21	0	0	72	37	33	0	45	45	45	0	0	54	41	32	0
L4380	0	0	0	1	0	0	0	0	2	0	0	3	0	0	0	0	1	1	1	0
L5150	0	0	5	4	1	0	0	0	5	0	0	5	1	1	0	0	6	2	3	0
L5160	0	0	3	2	0	0	0	3	3	1	0	3	3	2	0	0	5	1	1	0
L5200	0	0	44	39	39	0	0	33	37	35	0	36	32	45	0	0	44	50	49	0
L5250	0	0	3	2	2	0	0	5	3	0	0	3	0	3	0	0	6	4	5	0
L5280	0	0	1	1	0	0	0	1	0	0	0	0	0	1	0	0	0	0	0	0
L5312	0	0	21	13	21	0	0	19	22	17	0	21	20	22	0	0	21	16	33	0
L5331	0	0	23	19	17	0	0	30	19	15	0	24	17	22	0	0	27	31	20	0
L5500	0	0	16	4	3	0	0	6	4	9	0	7	6	10	0	0	1	10	5	0
L5510	0	0	1	2	3	0	0	3	2	3	0	2	1	3	0	0	5	0	6	0
L5560	0	0	4	1	1	0	0	0	4	1	0	0	3	4	0	0	3	4	2	0
L5600	0	0	6	2	2	0	0	8	1	2	0	3	2	4	0	0	2	3	1	0
L5613	0	0	7	6	5	0	0	13	10	6	0	26	16	12	0	0	15	9	14	0
L5614	0	0	3	1	1	0	0	2	1	1	0	1	1	2	0	0	6	4	2	0
L5626	0	0	49	35	32	0	0	49	32	24	0	47	35	51	0	0	47	45	34	0
L5639	0	0	2	1	1	0	0	1	0	0	0	2	0	4	0	0	2	0	0	0
L5643	0	0	39	44	31	0	0	45	28	30	0	37	37	41	0	0	48	36	37	0
L5644	0	0	0	0	0	0	0	0	0	0	0	0	0	0	0	0	1	0	1	0
L5656	0	0	10	6	5	0	0	13	14	10	0	12	17	18	0	0	14	12	8	0
L5666	0	0	118	110	87	0	0	151	112	105	0	154	157	130	0	0	125	134	114	0
L5675	0	0	0	0	0	0	0	0	0	0	0	0	0	1	0	0	0	0	0	0
L5684	0	0	75	73	80	0	0	94	85	65	0	74	92	91	0	0	88	88	91	0
L5694	0	0	90	86	99	0	0	107	107	106	0	130	121	132	0	0	108	125	134	0
L5696	0	0	45	29	32	0	0	38	28	28	0	57	46	28	0	0	42	40	58	0
L5697	0	0	31	27	23	0	0	35	24	22	0	59	43	22	0	0	38	33	53	0
L5707	0	0	19	19	11	0	0	28	15	17	0	21	25	24	0	0	20	28	24	0
L5712	0	0	23	14	11	0	0	30	19	10	0	18	20	24	0	0	15	24	25	0
L5714	2	1	0	0	0	3	3	3	0	0	0	1	1	1	0	2	1	1	2	0
L5726	0	0	1	1	0	0	0	0	0	0	0	1	0	1	0	0	0	0	0	0
L5728	0	0	2	0	2	0	0	6	3	1	0	6	1	9	0	0	4	0	1	0
L5795	0	0	4	1	1	0	0	3	6	2	0	3	2	3	0	0	4	5	3	0
L5824	0	0	4	6	3	0	0	2	3	4	0	4	6	9	0	0	4	3	10	0
L5855	0	0	24	19	16	0	0	23	17	18	0	18	17	25	0	0	22	29	20	0
L5930	0	0	83	71	61	0	0	73	78	80	0	84	96	77	0	0	104	86	106	0
L5961	0	0	4	10	5	0	0	12	6	4	0	2	7	8	0	0	8	6	7	0
L5966	0	0	7	12	4	0	0	9	6	5	0	17	12	10	0	0	10	7	11	0
L5978	0	0	97	85	53	0	0	93	68	45	0	125	84	64	0	0	123	96	75	0
L5990	0	0	42	33	22	0	0	68	40	39	0	45	48	44	0	0	51	48	37	0
L6130	0	0	0	0	0	1	1	1	0	0	0	0	1	1	0	0	0	0	1	0
L6360	0	0	0	0	0	0	0	0	0	0	0	0	0	0	0	0	0	0	1	0
L6450	0	0	0	0	0	0	0	0	0	0	0	2	1	0	0	0	1	0	5	0
L6584	0	0	1	0	0	0	0	1	2	0	0	0	4	1	0	0	0	0	0	0
L6586	0	0	0	0	0	0	0	0	0	0	0	2	0	0	0	0	0	0	1	0
L6611	0	0	22	17	28	0	0	34	36	34	0	29	19	29	0	0	37	32	59	0
L6623	0	0	5	1	4	0	0	3	2	2	0	6	5	3	0	0	7	3	5	0
L6640	0	0	0	0	0	0	0	5	0	1	0	0	1	2	0	0	0	0	0	0
L6642	0	0	0	0	0	0	0	0	1	0	0	0	1	1	0	0	0	0	0	0
L6645	0	0	2	1	1	0	0	3	1	0	0	5	2	3	0	0	3	7	1	0
L6646	0	0	3	5	5	0	0	6	8	2	0	4	6	1	0	0	2	2	8	0
L6647	0	0	2	4	1	0	0	2	1	1	0	1	3	0	0	0	1	1	3	0
L6648	0	0	0	1	0	0	0	2	3	0	0	0	2	1	0	0	0	0	2	0
L6690	0	0	7	2	2	0	0	7	3	0	0	3	3	0	0	0	4	5	5	0
L6712	0	0	0	0	1	0	0	1	1	0	0	0	0	0	0	0	1	0	2	0
L6810	0	0	1	3	2	0	0	2	1	1	0	2	3	3	0	0	3	3	1	0
L6884	0	0	3	5	3	0	0	6	6	5	0	5	4	8	0	0	8	7	5	0
L6905	0	0	6	1	2	0	0	2	2	2	0	1	7	6	0	0	2	0	3	0
L6915	0	0	1	0	0	0	0	0	0	0	0	2	1	0	0	0	1	2	1	0
L6925	0	0	1	0	6	0	0	4	5	1	0	8	4	3	0	0	4	7	10	0
L6935	0	0	34	30	39	0	0	42	56	40	0	50	39	49	0	0	47	38	55	0
L6940	0	0	0	0	0	1	1	1	0	0	0	0	0	0	0	0	0	0	1	0
L6945	0	0	2	0	2	0	0	2	1	2	0	0	2	1	0	0	2	2	6	0
L6965	0	0	2	2	1	0	0	3	3	1	0	3	3	2	0	0	3	2	6	0
L6975	0	0	1	0	0	0	0	0	1	0	0	0	3	0	0	0	1	1	2	0
L7008	0	0	0	0	0	0	0	0	0	1	0	0	0	0	0	0	0	0	3	0
L7362	0	0	1	21	6	0	0	4	10	8	0	4	4	14	0	0	10	10	9	0
L7364	0	0	4	8	9	0	0	5	8	7	0	12	10	11	0	0	8	8	11	0
L7499	0	0	113	75	88	0	0	133	76	77	0	117	119	81	0	0	131	94	135	0
L7600	0	0	33	21	32	0	0	32	43	19	0	43	44	25	0	0	38	45	48	0
L7900	0	0	13334	3648	61	0	0	14798	3809	50	0	14371	8961	162	0	0	14030	5303	85	0
L7902	0	0	10	4	0	0	0	6	2	0	0	7	6	2	0	0	5	0	0	0
L8000	0	0	38889	38039	40124	0	0	59501	58190	56117	0	62794	60800	59178	0	0	70396	67940	64500	0
L8030	0	0	16345	15762	16578	0	0	24884	24378	23472	0	26250	25590	24858	0	0	28244	27042	25515	0
L8040	0	0	15	19	12	0	0	18	18	17	0	22	18	19	0	0	17	21	20	0
L8044	0	0	6	0	0	0	0	8	3	1	0	4	2	2	0	0	5	3	0	0
L8140	0	0	0	0	0	0	0	0	0	0	0	0	0	2	0	0	0	0	0	0
L8499	0	0	298	242	270	0	0	318	273	299	0	421	360	331	0	0	436	364	381	0
L8512	0	0	17	6	9	0	0	14	25	6	0	12	16	11	0	0	15	19	15	0
L8610	0	0	0	0	0	0	0	0	0	0	0	0	0	0	0	0	0	0	2	0
L8680	0	0	20	0	0	0	0	54	0	1	0	4	3	1	0	0	2	2	2	0
L8692	0	0	0	0	0	0	0	0	0	0	0	0	0	0	0	0	0	0	1	0
L8699	0	0	0	0	0	0	0	0	0	3	0	2	0	5	0	0	1	0	1	0
Q4018	2	0	0	0	0	6	0	1	1	0	0	1	1	2	0	1	1	0	0	0
Q4038	101	9	8	21	4	173	7	14	10	2	71	1	10	6	0	4	4	3	6	0
Q4046	17	1	2	1	0	8	0	0	4	0	0	0	0	1	0	0	0	0	0	0
Q4050	32	4	0	7	1	12	4	4	0	0	6	11	6	7	0	4	0	10	3	0
T4522	4	2	2	4	2	6	3	3	4	3	1	3	1	2	0	3	2	4	6	0
T4523	2	0	18	3	5	0	1	10	9	7	1	0	8	10	0	0	1	6	5	0
T4524	3	0	10	1	0	2	0	3	4	0	3	0	2	2	0	1	0	2	3	0
T4525	0	0	0	0	0	0	0	1	2	0	0	0	1	2	0	1	2	0	1	0
T4527	1	5	17	8	1	17	9	9	14	2	1	5	7	10	0	4	0	5	1	0
T4528	1	3	10	2	8	2	1	3	10	4	1	2	2	17	0	1	2	4	13	0
T4535	0	3	16	5	12	20	1	12	17	9	6	0	5	13	0	4	0	5	15	0
