10D2078201	
1952488066	
14D1033727	
1255335535	
10D0645475	
1376548271	
46D0523979	
1881630614	
14D0417052	
1730149709	
10D0689679	
1720048143	
36D0345875	
45D2082195	
1366479099	
05D0642827	
1780620526	
05D0644251	
1811069685	
36D0656094	
1366479099	
05D0939429	
1043282841	
33D0687350	
1477522910	
22D0957540	
1124079561	
22D0689168	
1952381477	
10D0645438	
1619913449	
05D0644209	
1770529513	
37D0987653	
1124130653	
05D0643352	
1881666741	
36D0346613	
1659390763	
05D0642827	
1942247705	
45D2051233	
1861438608	
05D0608832	
1609812445	
17D0648226	
1093792350	
24D0404292	
1518071067	
06D0665252	
1053785345	
05D0644209	
1679525919	
36D0656094	
1629209853	
49D1100708	
1568893592	
17D0648226	
1184917924	
35D0655616	
1356540710	
17D0648226	
1720279805	
05D1071362	
1760630354	
36D0966776	
1396719431	
14D0044738	
1174558431	
10D0645095	
1306025697	
10D0938449	
23D2018899	
1518113042	
50D0634252	
1912957986	
38D0626706	
1588093165	
33D0147522	
1750364345	
05D0679751	
1144321951	
18D0664431	
1841332780	
22D1042991	
1629059746	
05D0609849	
1164462925	
21D0218885	
1811978166	
39D0657071	
1003968579	
19D0916834	
1396781134	
06D0514225	
1245561349	
34D2002428	
1619040284	
39D0656976	
1477500015	
19D0464748	
1215914288	
34D0655205	
1811036833	
39D0938116	
1154618742	
45D1009162	
1316109267	
05D0679751	
1356443741	
37D0960030	
1154618742	
45D0665458	
1518232487	
45D2038396	
05D2016898	
1659373900	
14D0427920	
1124050380	
05D0866459	
19D2050143	
1033117338	
50D0661605	
1134165970	
36D0346847	
34D2062004	
37D2047994	
1639160799	
19D0464754	
1841236684	
39D0938116	
1265437644	
19D2048536	
1174690887	
41D0709206	
1265437644	
19D0457944	
1164455010	
21D2011729	
1942241351	
35D0655616	
1164455010	
21D0722438	
1972549855	
19D0461791	
1912142019	
45D1009162	
1578520946	
39D0938116	
1679518724	
36D0965797	
1861687907	
28D0679424	
45D2037362	
1043271539	
39D0987158	
1679578439	
45D0483323	
1467492975	
51D0235176	
1720033947	
45D0505060	
1154474344	
32D0534750	
1134191323	
10D0023780	
04D2047101	
1902191364	
17D0452730	
1154370443	
45D0508004	
50D2066879	
1164413597	
18D0326854	
1932362555	
10D0276553	
1285672204	
21D0696888	
1942241351	
35D0655613	
1275533085	
05D0980136	
1659390763	
05D0939429	
1154474344	
32D0674525	
38D2061880	
1417062076	
10D1003031	
1699921296	
38D2015262	
1528300837	
45D0988704	
1306929617	
28D0652608	
1578620449	
10D0268748	
1699008029	
52D1107307	
1881626943	
05D0642889	
1235222001	
05D0642839	
45D2054300	
1346244993	
52D0393626	
1679886816	
36D0656094	
1790720993	
05D0644110	
1689688798	
39D0657854	
1952639577	
05D0549477	
1508845322	
33D0665276	
1649246877	
52D0395075	
1255319372	
05D0596114	
1427034990	
05D0665463	
1518993880	
52D0397878	
1942226006	
22D0067539	
1255304689	
10D0645438	
1295756898	
38D0625165	
1497764526	
14D0712849	
1043366081	
53D0520182	
1821360017	
18D2037709	
1396971123	
06D1024422	
1518042175	
36D0032533	
1790021517	
50D2050397	
1225194574	
35D0655616	
1841233780	
05D0665463	
1104852573	
49D0221827	
1811946734	
05D0615620	
1356390264	
05D0683935	
31D2035542	
1528009412	
35D0655616	
1609156900	
35D0655616	
1023083854	
51D0952340	
1134252802	
05D0665463	
1538297726	
05D0665463	
1952386443	
05D0665463	
1962485136	
16D0383397	
1033196001	
34D0655205	
1922383553	
10D2026029	
1821091067	
05D0666419	
1548234198	
14D0044738	
1699778498	
18D1006613	
1154392231	
03D0947316	
1871731729	
05D2049425	
1750366753	
42D0251616	
1992786743	
45D0942000	
1689639544	
15D0647225	
1356321715	
52D0662012	
45D2028785	
1952388902	
10D0645556	
1316255060	
15D0647225	
1598921405	
05D0691203	
1730165838	
13D0646359	
1023243391	
39D1092994	
1851343909	
45D0498774	
1407828114	
50D1036807	
1568460772	
43D0658888	
1912165952	
45D0489693	
1811376825	
45D2054829	
1063619922	
45D1069527	
1326117003	
19D0049026	
1598750226	
28D0898615	
1386662914	
46D0524377	
1396166203	
18D1092600	
1104255215	
18D2067771	
1811982549	
28D0898615	
31D2064514	
1700897857	
42D0250262	
1629080908	
45D0660099	
1871673939	
40D0690375	
1629472808	
23D2014284	
21D2011729	
1285616177	
05D0643077	
1801863329	
05D0643077	
10D2050798	
1972590552	
41D0083969	
1265854855	
05D2071616	
1932248465	
05D0644037	
1477828838	
50D0639231	
1417952268	
44D0659053	
1407996978	
39D0176771	
19D2018360	
1912966557	
07D0097265	
1790838357	
45D0507106	
1881736650	
05D0938253	
49D2060159	
31D2009100	
1700801909	
45D0664138	
1730254681	
21D1057292	
1659668598	
24D2014287	
1346661956	
04D0642286	
1346274537	
33D0654102	
1700960440	
33D0156362	
1346250594	
50D0636949	
1699045674	
29D2032647	
1518111236	
45D0491593	
1073813846	
39D0656992	
1376584110	
25D0651756	
1164403861	
01D0641723	
1114161601	
01D0641723	
1821023011	
10D0645095	
1437209582	
45D0701182	
1235236613	
44D0659144	
1891025284	
36D0656024	
1235236613	
44D0659142	
1326097833	
24D0405788	
1619384716	
11D2031378	
1447653118	
31D2077150	
1164794012	
05D0063882	
1467403477	
45D0498543	
1467603357	
42D0250262	
1912234618	
03D1104607	
1659655124	
05D2024468	
1548393127	
1912097700	
18D0664431	
1427350289	
28D1076059	
1700855533	
28D0456314	
1609908474	
17D0666526	
1710032420	
18D1023220	
1033138144	
05D0670387	
1609812213	
05D0613795	
1376574012	
05D0926599	
1891718136	
43D0658888	
1083996300	
06D2028302	
1528030368	
42D2039111	
1356526016	
29D0539451	
1427413103	
23D2014284	
1427181072	
05D0882389	
1891747093	
43D0658878	
1013282193	
26D2031980	
1073859930	
29D1094377	
1144266024	
15D0668071	
1972875631	
10D0692983	
1134143761	
26D1055001	
1669659850	
37D0663764	
18D2007943	
1063462604	
10D0692983	
1992803266	
21D0680509	
1275721888	
05D1005535	
1821009242	
45D0668729	
1700844339	
36D0342003	
1114286523	
44D2035207	
1649315821	
05D0700053	
1447248182	
52D0661907	
1851326284	
10D0645095	
1629117072	
23D1056097	
1710176367	
28D0898615	
1821486564	
23D2014284	
03D2067119	
1598173874	
23D2014284	
37D2059506	
1881789964	
18D0664431	
1033201090	
05D0642420	
1669431649	
15D0995210	
1568561512	
17D0901100	
1043241508	
50D1014707	
1184659450	
10D0645095	
1295891554	
05D0664641	
23D2028847	
1306079447	
10D1042132	
1003829797	
05D2031413	
1497791420	
44D0659433	
1073678330	
18D0320857	
1013998426	
33D0156376	
1790812675	
18D0323371	
1154435840	
45D0950289	
1497790042	
04D0670059	
1194027953	
53D0690826	
45D2032918	
1356386684	
38D0910145	
1972754232	
36D0966776	
1235157280	
27D0652468	
1932182599	
33D0999340	
1700826575	
45D0485200	
1679660617	
10D2026029	
1861709917	
45D2012059	
1083709844	
11D0676089	
1164469243	
46D0660888	
1285805119	
50D0668815	
1023439627	
05D2070506	
1801840632	
43D2024105	
1689945800	
11D2000466	
1003840950	
49D0224890	
1164696258	
26D1081206	
1730264128	
18D0325435	
1285644237	
44D0306984	
1245396605	
05D0708499	
1609915131	
05D0644239	
1407828429	
05D0556176	
1366436123	
19D0649172	
1023054863	
05D0707476	
1508115262	
23D2084301	
1114945169	
05D0895056	
1174680052	
35D0857637	
26D2054229	
1285616177	
05D2056068	
1215191002	
05D0670381	
1801863329	
05D2056068	
1396875936	
10D0947141	
1497773444	
05D0703624	
1881834687	
44D0951883	
1568421402	
15D1052099	
1487968723	
01D0302491	
1578708368	
34D0947174	
1376591941	
19D0689385	
34D2026026	
1174553796	
04D0466006	
1851630545	
05D2051580	
1255324018	
05D1012129	
1538333620	
26D1081205	
1427364983	
36D2010512	
1043343536	
18D0909292	
1063453991	
17D2056570	
1912347485	
14D0436489	
1932182599	
33D0009065	
45D2026299	
1235235532	
26D0652044	
1417137589	
05D2027932	
1477874337	
01D0302491	
1306263983	
45D1081661	
1528281235	
36D2050500	
1336155738	
28D0679413	
15D2073627	
1104128859	
06D2028302	
1093869455	
05D0643815	
1346230323	
29D2081047	
1871898841	
06D2028302	
1801877048	
39D0657071	
1417947490	
29D0932908	
1588684369	
04D0890576	
1780657023	
26D0685174	
1548688849	
39D2066191	
1023150182	
05D0974660	
1023029188	
42D0935175	
1265445506	
44D0658987	
1972517365	
45D0055204	
1164495412	
26D0685174	
1497843940	
01D0026808	
19D2079393	
1922040591	
36D0656146	
1093053571	
11D2052150	
1104951912	
05D0643873	
1326223041	
45D1014980	
1750635934	
50D2050385	
1952348047	
02D0640501	
1356425045	
48D0922328	
1194762294	
49D0227598	
1609837574	
38D0713477	
1427181007	
05D0606603	
1972857407	
26D2044707	
34D2037172	
19D2046779	
1780644021	
15D1052098	
1346310851	
52D0662012	
44D2053286	
1417137589	
05D0642433	
1588684369	
04D1018945	
1346428893	
37D0470622	
1790028157	
36D2052097	
21D2011729	
1235127978	
52D0661907	
1265587174	
05D0584787	
1467857102	
25D0318670	
1891882833	
45D0488600	
1407854771	
36D0966776	
1699726406	
45D1068339	
1326228057	
05D0579200	
1184926941	
53D0986799	
37D2004048	
1427031293	
07D0092519	
50D2053987	
1225194574	
35D0655613	
1770543399	
25D0029960	
50D2053987	
1710067376	
36D0953122	
1013185495	
40D0658020	
1538117841	
01D0026356	
1336329598	
05D1066073	
1740397751	
01D0301738	
1588713531	
05D0881670	
1366614117	
19D0049026	
1942416615	
45D0508312	
1023032588	
27D0410970	
1194840421	
05D0642663	
1588916753	
16D2046112	
10D2077557	
1467626556	
26D1081203	
1427413103	
23D2084301	
1710943881	
04D1085608	
1952467235	
05D0590226	
1013185495	
40D0717342	
1013185495	
40D2056342	
1548686587	
45D0967955	
1023065356	
52D0397317	
1437107208	
03D0529360	
1396954152	
45D0493380	
21D2011729	
1932368214	
33D0939927	
1558436063	
42D0251597	
1336194893	
50D0639231	
1518904689	
45D0504456	
1669545406	
44D0659144	
1750434395	
23D0674935	
1063547388	
18D0326638	
1639417140	
14D2044263	
1053403220	
01D0026356	
34D2044309	
1437391935	
17D1094216	
1194704502	
43D0406973	
1447251350	
43D0406973	
1508872904	
04D0890576	
1629116124	
05D0644027	
1700930179	
05D0666679	
01D2064487	
1770539637	
39D0657398	
1063792299	
46D2011013	
1669545406	
44D0659142	
1851550768	
15D1083389	
1386895068	
05D0644125	
1003996000	
01D0641705	
1013925106	
18D0931856	
32D2021850	
1306139696	
50D2024381	
1467595793	
26D0443410	
1538244918	
18D0323098	
1841236734	
04D0890576	
23D2013035	
22D2058677	
1649326687	
53D0520182	
1922009448	
50D0638772	
1871794438	
50D0638412	
1821199340	
44D0659144	
1922052018	
10D0025616	
1740279959	
05D0602367	
1417046137	
04D0890576	
1235462904	
10D2006860	
1073669867	
05D0686290	
1194743146	
05D0552553	
1235406455	
43D1099610	
1700128790	
42D2057607	
1033281324	
10D1016245	
1093870255	
39D0721755	
1083044564	
36D2066195	
1821224072	
22D1099017	
01D2073260	
1669458386	
52D0669558	
1639423957	
43D1099610	
1821199340	
44D0659142	
1447359997	
36D1043349	
1477794600	
28D1095679	
1508872904	
04D1018945	
1619924719	
45D0660532	
1790894715	
17D0648333	
1487657359	
19D2048536	
36D2054433	
1164526786	
45D0505053	
36D2060748	
1558673970	
17D2004083	
1508905829	
05D0909695	
1851730980	
53D2057199	
1144211020	
10D0267397	
1326088139	
34D0655295	
1932434925	
45D0667465	
1689641680	
45D0054493	
44D2073457	
1205959426	
05D0642432	
1841236734	
04D1018945	
1255514329	
37D0667302	
1548250582	
29D0539451	
1275671786	
05D0664239	
1013061464	
05D0702479	
1821011248	
45D0502175	
1720083769	
07D0092519	
45D2020658	
1720163876	
21D0722438	
1033123880	
21D0649632	
1417046137	
04D1018945	
1760492714	
06D0516124	
33D2012612	
1578995940	
23D2046929	
1407157704	
40D2006469	
1609114214	
26D2044703	
1689846974	
18D0323098	
1538244918	
18D0705703	
1407897309	
24D0401928	
1366438707	
18D0648429	
1194148551	
14D2065840	
1295736734	
45D0893118	
1205959426	
05D0542372	
1649227265	
38D2015262	
1467658849	
05D1033784	
1962559617	
38D0676504	
1861692345	
32D0950561	
1821486564	
23D2084301	
1235413428	
26D2049328	
1598173874	
23D2084301	
1578744611	
17D0945747	
1528190931	
05D0609154	
1811973100	
19D0648865	
1699198259	
16D2071207	
29D2077259	
1841241833	
04D0465809	
1306938071	
10D0663787	
1730339615	
39D1031713	
1306914213	
32D0950561	
1518018191	
05D0610128	
1912908567	
11D0665323	
1336173269	
05D0672675	
1730133844	
39D0011715	
1437571908	
14D2065838	
1629021845	
45D0504924	
1992803266	
21D0709101	
1184618829	
05D0587924	
1770536120	
45D0509577	
1487926572	
04D2032082	
1750569661	
37D0992537	
1245413483	
28D0454363	
1548480866	
50D0637130	
1528010451	
46D0522567	
1417992249	
19D0049026	
1336125640	
10D0298676	
1992803266	
21D0709511	
1366882847	
01D2058734	
1912130774	
45D1088364	
1649223645	
45D0504456	
27D2074266	
1417204017	
02D2042824	
1396833844	
01D0026808	
1952575789	
01D0026808	
1982714358	
36D0855634	
1770707002	
02D0959385	
1396928461	
37D0700830	
1194903013	
37D0472533	
1043650617	
26D2055533	
1063462604	
10D0280716	
1891036414	
23D2055178	
1508066283	
19D0648802	
1023063914	
45D0055499	
1225289895	
50D0639598	
1841241544	
45D0509577	
1083738827	
45D0874784	
15D2015081	
45D2045141	
1063596690	
38D0713477	
1811303977	
14D2065837	
1548265739	
10D0272783	
1841277704	
05D0663110	
1619240934	
10D1036066	
52D2065132	
1467478438	
45D0477942	
1073647962	
45D0660770	
1942496856	
40D0995540	
1083688428	
18D0325229	
1376657551	
06D1032158	
1407035512	
05D0668540	
1992766000	
05D0542372	
1235111071	
04D0466155	
1699930586	
11D0257174	
1700938255	
48D0945126	
1174711022	
45D0682745	
1407136674	
37D2026683	
1386619484	
03D0534325	
1124076401	
45D0682745	
1508827924	
29D0966835	
1164523478	
10D1043624	
1821057407	
05D1021148	
1659365591	
05D0674633	
1134183171	
52D0395951	
1497174585	
05D2074229	
1588662084	
50D0661429	
1992704951	
45D1068339	
1194760439	
36D0329764	
1699102590	
11D0262761	
1396992475	
10D0288212	
1336325497	
07D1036625	
1295763803	
03D0642017	
1093810327	
45D0504523	
36D2060738	
1811141781	
36D0665877	
1194818138	
18D0325173	
1346310851	
52D1101784	
1407281132	
51D2054192	
1457382483	
42D0253490	
1285733790	
10D0857312	
05D2058823	
1558581884	
18D0323737	
1114971660	
05D0575378	
01D2058732	
1518911338	
18D0323371	
1316902414	
04D0671752	
1992704951	
45D0477588	
1134187842	
26D0444480	
1386743045	
10D0705992	
1831112895	
45D0494194	
1043575111	
26D2038652	
1891863403	
19D0049026	
1881697464	
18D1066325	
1992880058	
03D0533517	
1588662084	
50D1014714	
1982799375	
32D0535343	
1043457377	
06D1082710	
1275843740	
50D0661429	
1629272968	
23D0370395	
1790853109	
19D0049026	
1962435792	
11D0263947	
1366556086	
06D0900931	
1063422053	
39D0010502	
1750661534	
37D0956837	
1457489502	
05D0602367	
50D2066879	
1669692992	
18D0030411	
1588665566	
11D0262761	
10D2043029	
1366495012	
45D0874784	
1508810573	
45D0874784	
17D2056613	
1326019977	
11D0861031	
1053424648	
10D0274519	
1740413798	
05D0611473	
1811988009	
36D0656493	
1265869374	
34D2050868	
1376513754	
05D0668540	
1457389959	
05D0667647	
1811086994	
03D1045367	
1881934768	
26D2046844	
1689846974	
18D0705703	
10D2081852	
1922288935	
10D1034368	
1235196510	
10D0290071	
1922001312	
45D0921403	
1679528889	
45D0660613	
1548219827	
45D0508004	
1578581443	
41D0083792	
1083654941	
30D0086170	
1558364802	
01D0641772	
45D2032964	
1598868655	
36D0665877	
1982675955	
28D0455828	
1073592747	
11D0683478	
1013961838	
10D0296524	
1154386431	
01D0641798	
1275843740	
50D1014714	
1760583595	
37D0713186	
1831357797	
18D1066325	
1447206438	
10D0665352	
1376512988	
10D0276553	
1447227590	
10D0271186	
1528165883	
05D0643967	
1578578951	
03D0907326	
1801162250	
45D2040349	
1417929100	
43D0658888	
1881647204	
34D0665289	
1104859131	
31D0862033	
1609830173	
25D1060031	
1861675530	
23D0377033	
1992926992	
22D0650226	
1225087125	
22D0068846	
1902088040	
19D0464754	
1043408404	
19D0461791	
1962632190	
14D0436068	
1659359446	
05D0721590	
01D2058733	
1962605451	
51D0235176	
1700885076	
45D0484177	
1902839673	
36D0691403	
1467546184	
34D0242403	
1992759419	
10D0298154	
1104899319	
49D0230764	
1336111962	
43D0658888	
1306929385	
18D0323371	
1215003348	
10D1063596	
1144237272	
05D0585158	
1922043686	
04D0049895	
10D2078201	
1659352276	
1659352276	
1205834769	
1376548271	
1811997711	
1467433292	
1619376316	
45D2082195	
1366479099	
1326104613	
1811069685	
1346271251	
1982728036	
1447296272	
1366479099	
1477522910	
1124079561	
1104045749	
1932166386	
1033203393	
1881666741	
1659390763	
1720328693	
1942247705	
45D2051233	
1609812445	
1518071067	
1053785345	
1023084340	
1952347791	
1538131362	
1679525919	
1780633289	
1770850414	
1447682380	
1104045749	
1568893592	
1184917924	
1760630354	
1851455646	
1447345830	
1780600510	
1770521403	
1184917924	
1114222817	
23D2018899	
1518113042	
1952347791	
1912957986	
1386624518	
1861413023	
1215003603	
1487632998	
1932166386	
	
1811036833	
1275685539	
	
1629360540	
	
1821060641	
	
1164462925	
	
	
1720004450	
1326108903	
	
	
	
	
	
1962479360	
	
1578898631	
	
1003968579	
1245494517	
1699734640	
	
	
1093953523	
	
1649593609	
	
1285618447	
1497805733	
1487602736	
	
1851370910	
	
1811036833	
1801833496	
1942317656	
	
1154618742	
	
1316109267	
1740281393	
	
	
1174698468	
	
1760658371	
1093796096	
	
	
05D2016898	
1730185455	
1396821427	
	
	
	
37D2031514	
	
19D2050143	
1134152986	
	
	
37D2047994	
	
1528031226	
	
1124166574	
	
19D2048536	
1033285044	
1881937373	
34D2062004	
1659440485	
	
1609961390	
	
1053398099	
	
1396810057	
	
	
1912953357	
	
	
1619270683	
	
1225036346	
	
1467552471	
	
1730459025	
1861404121	
1942223029	
	
1154485944	
	
1851363253	
	
1245274950	
	
23D2071262	
	
	
1114929494	
	
1811939887	
	
21D2011729	
1972549855	
1821290669	
	
1437596855	
	
1750636676	
1043361934	
	
	
1649247974	
	
45D2037362	
1114963956	
	
	
1205880846	
1962450452	
	
	
	
1790772317	
	
1043298474	
1013086727	
	
	
1255428736	
	
1518935337	
	
1720295215	
	
1023103710	
	
1194892463	
	
1255672176	
	
1801142435	
	
	
	
	
1154474245	
	
04D2047101	
	
1528006103	
	
	
1417950106	
	
	
1902191364	
50D2066879	
1588971899	
	
	
1598192460	
	
1154376085	
	
1861447179	
	
1558609008	
	
	
	
1700220589	
	
1942213087	
	
	
	
1942241351	
1235239211	
	
1003155896	
	
	
1013051119	
	
	
1043583537	
	
	
	
1194998781	
1821007881	
	
1568562551	
	
38D2061880	
1629049648	
1659779643	
	
1730582594	
	
	
	
1184612764	
1801197256	
	
1578527172	
	
	
	
1760420103	
	
	
1730370594	
	
1144286402	
	
1316940695	
	
1811170210	
1326206228	
	
1396928883	
	
	
1225156888	
	
	
1922074434	
1073585733	
	
	
1699008029	
52D1107307	
	
1679605729	
	
	
1598712879	
	
1568596484	
	
	
45D2054300	
1689663007	
	
	
	
1225087190	
1285014282	
1740208081	
	
1487099768	
	
	
10D2026029	
1437252806	
	
	
1073711412	
	
	
	
1568473635	
	
	
	
1053368753	
	
1780988816	
	
1174660120	
	
	
05D2050618	
	
	
	
	
1922144450	
	
1104890714	
	
	
	
	
	
1851707186	
	
1770581894	
	
1902977705	
	
	
1255304689	
1023061405	
	
	
1740276518	
	
1598872426	
	
1306009931	
	
	
1609881077	
	
	
1962522201	
	
	
1932260833	
	
1316226251	
	
	
	
1861486870	
	
	
1770586794	
	
	
1912954553	
	
1720075286	
1699175760	
	
	
15D2047655	
1932166980	
	
	
31D2077150	
1689949034	
	
	
	
	
	
1205257664	
	
	
44D2009082	
1467740936	
31D2035542	
1629042981	
1891748877	
1548225428	
1891112637	
1033196001	
1750762258	
1821095167	
1073847471	
1558450601	
1295057370	
05D2049425	
1255608469	
1568460772	
1235222001	
1922032424	
1639102650	
1013900778	
1649418351	
1164404307	
1154392231	
1750762258	
1760482665	
1558365890	
1457403750	
1235114778	
1568860062	
1659790905	
1922383553	
1962682039	
1942294939	
1568744886	
45D2028785	
1023253556	
1952388902	
1376970236	
1710966460	
1912964081	
1578571980	
1316940695	
1568682268	
1699947945	
1205048881	
1699947945	
1801155106	
1356321715	
1649264300	
1962831958	
1639279045	
1558744185	
1487948097	
1962682039	
1982619466	
1932248747	
1093767246	
1417960626	
1568781300	
1982610721	
1306814918	
1568454494	
1417280538	
1871920645	
31D2064514	
1720118102	
1689850497	
1639101199	
1780009860	
1578571980	
21D2011729	
1538270772	
1205999067	
1386981835	
10D2050798	
1134190705	
1578571980	
1467430660	
1669484473	
1477893626	
19D2018360	
1427107754	
1659323772	
1548221153	
1215988530	
1194705194	
1538507819	
49D2060159	
1467766550	
1700193141	
1205063112	
31D2009100	
17D2056570	
1356490817	
1477519148	
1659702181	
1043270564	
11D0264045	
1083609150	
1790781110	
1457306359	
1598836678	
1447437355	
1306182563	
29D2081047	
1346636461	
1831178755	
29D2032647	
1356324545	
1538157086	
1710176367	
1932283264	
1144217894	
1720379092	
39D2066191	
1003878539	
1497897565	
1528056066	
1558300525	
1992767016	
1760521611	
1467502716	
1952301863	
1619953965	
1316940695	
1548393127	
1528490240	
1407865488	
1891786315	
1316940695	
1548579212	
1417245176	
1780052514	
1376574012	
1518005966	
1881877835	
1376574012	
1700975083	
1013905439	
1457508400	
1972875631	
1740268846	
1659304152	
1285705988	
1962537407	
1700979465	
1831167196	
26D2031980	
1922086990	
1003954827	
1861558041	
1396720199	
1174859714	
1417929100	
1336111962	
1265442800	
1801109673	
1275721888	
1861439952	
1619265071	
18D2007943	
1275721888	
1275739815	
1003883877	
1023191467	
1487629978	
1447248182	
1144283912	
1487818548	
1902824964	
1497197461	
03D2067119	
37D2059506	
1497705537	
1952352429	
1013286673	
1629068085	
1841546678	
1346242567	
1447282892	
1174504989	
1760689871	
1780747097	
1255353934	
1346410115	
1992088918	
23D2028847	
1003858408	
1134148992	
1699880591	
1851487086	
1770688483	
1447212568	
1740231471	
1306220447	
1578617841	
1306821277	
1629062799	
1851365209	
1912165804	
1023236528	
1356427892	
1295754836	
1477519056	
1235256884	
1033288337	
1649299827	
1548549066	
45D2032918	
1407803638	
1659619781	
1285625111	
1033251350	
1033363270	
1730195215	
1215049747	
1083709844	
1982650024	
1669440533	
1700207750	
1891789772	
1124396387	
1477500841	
1518983642	
1033108519	
1518067586	
1184022360	
1811184971	
1902824964	
1649299827	
1326015777	
26D2044707	
1487602868	
1124051644	
1568421402	
15D0354704	
1114022167	
1689635138	
1396085213	
26D2054229	
1548273733	
1508169145	
1932159118	
1801883780	
1982027041	
1558313213	
1003036237	
1326010398	
36D2066195	
1134152549	
1063421550	
1649375189	
1619081429	
1598759433	
1104808062	
1295014405	
34D2026026	
1770587511	
1467782995	
1730367541	
1487771812	
1003898313	
1720031636	
1457488595	
1881977866	
45D2026299	
1164750840	
05D2027932	
1417069949	
1780029173	
1215305198	
1548308067	
1427035799	
1780009860	
15D2073627	
1851613764	
1811325442	
1255608469	
1831234939	
1346258241	
1316282700	
1457369381	
1285851170	
1508192741	
1780065540	
1881719706	
1366776601	
1992147656	
1194069401	
1891187696	
1760897755	
19D2079393	
1730482720	
1841258639	
1255726626	
1902848294	
26D2044703	
1104801794	
1306238191	
1780756155	
1508001561	
1831177583	
1306220447	
1568484582	
1003174228	
34D2037172	
1619900859	
1104181247	
19D2046779	
1932457785	
44D2053286	
1609804822	
1053373480	
1033362363	
1851621593	
1912213778	
1063498517	
1639386964	
1659304152	
21D2011729	
1235127978	
1124354410	
1447250253	
1053490631	
1700861895	
1902963358	
1285641514	
1497988596	
37D2004048	
1275570376	
1699726406	
1477530483	
50D2053987	
1679698633	
1841375094	
1396798302	
1336419621	
1265769624	
1831177203	
1154337822	
1962743484	
50D2053987	
1033239413	
1215990700	
1548212988	
1639105323	
1508843566	
1740651173	
1306240171	
10D2077557	
1730138397	
1821213513	
1497798847	
1285610733	
40D2056342	
1063519098	
1972676971	
1205162955	
1649273434	
45D1027165	
1477530483	
1194712083	
1417138686	
18D0326638	
1689818627	
1861896409	
1699752766	
1326002049	
1720163876	
21D2011729	
1962743484	
1942253182	
1487607784	
1104810308	
1356626618	
1366759557	
1497863229	
1851434716	
1639426281	
34D2044309	
1477517225	
1477695583	
1447251350	
1649392366	
1316938301	
1932102027	
1083688428	
18D0648509	
1033194428	
1497197321	
01D2064487	
1689850497	
1235214198	
1659304152	
1386699353	
04D0467983	
1447299649	
1053373894	
1245402569	
1780640490	
1750336277	
32D2021850	
1659360196	
1841453644	
1245408483	
1134207483	
1124026182	
1093892028	
1548205818	
05D2074229	
1346548260	
23D2013035	
1659710424	
22D2058677	
1942206719	
1235266750	
1043292899	
1043307473	
1801935879	
1306074711	
1083765739	
1023409612	
1730169491	
1518912609	
1578532487	
1588982599	
1174947832	
1093787657	
1033533856	
1033168489	
1417988833	
1508828773	
1700155587	
1992834568	
1447671672	
01D2073260	
1558428789	
1821253584	
1033210166	
04D2032082	
1942253182	
1386662336	
1801217468	
1083769467	
1194914135	
1912131392	
1578526695	
1962572396	
1437297892	
1639397953	
1396765681	
1356445969	
19D2048536	
36D2054433	
1891137147	
36D2060748	
1720029333	
1992737761	
1104881507	
1336533835	
1538597745	
1811323827	
44D2073457	
1154355188	
1093099558	
1770835472	
1679594287	
1417959750	
1952619983	
45D2020658	
1083769467	
1861432361	
1750353462	
1386968782	
33D2012612	
1942475074	
1811165475	
40D2006469	
1083635783	
1780761866	
1851391924	
1508959289	
1770696643	
1780029173	
1205959426	
1275510281	
1942497151	
1972875631	
1558458034	
1790023547	
1760498588	
1619077724	
1255763504	
1073511762	
45D0677423	
1649255647	
29D2077259	
1821318601	
1295721090	
1427007848	
1144397134	
1063477123	
1972589620	
1477530483	
1023167541	
1164526471	
1578564373	
1033187182	
1477554152	
1881784056	
1801168190	
1518911338	
1932296092	
1235369877	
1235108440	
1699718437	
1093716979	
1093712374	
1265430177	
1265478291	
1275576381	
1962743484	
1326282807	
1629074182	
1477568145	
01D2058734	
1467615039	
27D2074266	
1255304689	
1760472799	
1568783454	
1568846459	
1568881670	
1194954875	
10D2026029	
1598760985	
1184859894	
1740204379	
1114922341	
1780666842	
1851396576	
1619974219	
1366419517	
1881784056	
1528409984	
1790700904	
26D2055533	
1427069632	
1912982315	
1861792228	
15D2015081	
1386993301	
45D2045141	
1528075108	
1568416311	
1306929385	
1366515488	
1326078288	
52D2065132	
1710951801	
1932383882	
1811954191	
1689611501	
1104870245	
10D0294528	
1245275734	
1225038136	
1477643690	
1952347981	
1144236571	
1134117575	
1811991227	
1336211705	
1750358297	
1700938255	
1780830737	
1972523348	
1487662938	
1578576559	
1013143940	
1679691778	
1043262488	
1972651578	
1720107519	
1770553182	
1043282338	
1205846037	
1831392760	
1023171634	
1386758514	
1477975811	
1053751180	
36D2060738	
1700994977	
1255304689	
1457500191	
1316917008	
1770817678	
1295717056	
1417388562	
05D2058823	
1609827484	
01D2058732	
1124072715	
1942449426	
1043366933	
1598970790	
1356358394	
1316026941	
1578604443	
1982872180	
1811971302	
1164473039	
1578628889	
1396792032	
1699841221	
1538114434	
1225083074	
1659798536	
1679660617	
1356574560	
1083655997	
1891778213	
1245344936	
1417919531	
43D2024105	
1598755324	
1902882210	
1487082046	
50D2066879	
1184621161	
10D2043029	
1336221019	
1245265826	
1952306672	
42D2057607	
1821157892	
1669463014	
1104968916	
1174947436	
1487657359	
1073523452	
17D2056613	
1730349317	
1467536276	
1861467573	
1639131535	
1477519718	
1861437139	
1538208210	
1871526384	
10D2081852	
26D2038652	
1265685036	
1396728630	
1346291648	
1548229552	
1528009412	
1023445590	
1447342720	
1245544923	
1821135963	
1073680419	
1518099779	
1124305065	
45D2032964	
1669699039	
1790706901	
1366472326	
1568410264	
1548489024	
1932244266	
34D2050868	
1134178999	
1841493103	
1609156900	
1104974518	
1144234527	
1760768329	
1730407743	
1144228446	
1972612828	
1538400098	
1619138674	
1386026631	
1881632818	
1235200577	
01D2058733	
1962662791	
1861435042	
1073587119	
1164654430	
1023445590	
1972579837	
1578559365	
1912947490	
1588823553	
1548284060	
1720042021	
1659375673	
1669699039	
1538113725	
1942316161	
1952390643	
1891857637	
