
Comparison Matrix:

       #################################################
       #   X   |   3   |   7   |   8   |   9   |  10   #
       #################################################
    X  |      0|      0|      0|      0|      0|      0|
    3  |  35518|4759820|      0|      0|      0|      0|
    7  |   8716|      0|1597300|      0|      0|      0|
    8  |   3556|      0|      0| 763306|      0|      0|
    9  |   2550|      0|      0|      0| 689122|      0|
   10  |   1872|      0|      0|      0|      0| 745910|
       #################################################

**Old Values are on the left, New Values are on top.

Added Keys: 0	Dropped Keys: 52212

Copy/Paste Friendly Version:

0	0	0	0	0	0
35518	4759820	0	0	0	0
8716	0	1597300	0	0	0
3556	0	0	763306	0	0
2550	0	0	0	689122	0
1872	0	0	0	0	745910
