PROCEDURE_CODE	Q12012	Q22012	Q32012	Q42012	Q12013	Q22013	Q32013	Q42013	Q12014	Q22014	Q32014	Q42014
L6628	0	0	0	0	0	0	9	8	9	9	10	12
L3925	0	0	0	0	0	0	887	967	1017	1013	994	901
E0424	0	0	0	745	886	860	833	795	1019	1028	1017	961
A7037	422638	426523	403866	410645	397075	415076	378349	409933	391156	415823	440996	456125
L0630	0	0	0	0	0	0	1245	1111	843	934	779	781
L3465	0	0	0	0	0	0	8	8	12	13	7	3
E2365	45385	49412	45668	38243	30931	27745	23457	18858	17566	21933	22596	17314
L1950	0	0	0	0	0	0	192	166	151	168	223	184
L5990	0	0	0	0	0	0	45	51	42	68	48	48
A6530	10764	12245	12202	12182	10871	12887	12629	11989	10800	13232	13542	12629
A4324	0	0	0	0	0	0	0	2	0	0	0	0
E2311	2501	2781	2534	0	0	0	0	0	0	0	0	0
L1831	0	0	0	0	0	0	1781	1537	1516	1744	1525	1479
L6900	0	0	0	0	0	0	1	6	4	3	4	2
E0442	55825	56166	57020	57802	59302	58190	58682	55691	53847	49654	47256	44262
L0200	0	0	0	0	0	0	88	76	81	97	94	92
L6620	0	0	0	0	0	0	12	16	16	21	17	10
L2861	0	0	0	0	0	0	5	10	3	9	16	3
L0490	0	0	0	0	0	0	2	3	13	3	5	10
A7005	137740	124371	114572	0	0	0	0	0	0	0	0	0
L0454	0	0	0	0	0	0	110	117	97	99	85	71
L3590	0	0	0	0	0	0	0	6	1	4	5	2
L1755	0	0	0	0	0	0	0	0	0	1	0	0
L6687	0	0	0	0	0	0	96	94	82	81	83	90
L0636	0	0	0	0	0	0	86	90	38	45	31	31
E2394	0	0	0	3032	2664	2619	3052	3078	3506	3884	4250	3824
L7360	0	0	0	0	0	0	9	7	2	5	2	4
L1730	0	0	0	0	0	0	0	1	1	0	0	1
L2200	0	0	0	0	0	0	2308	2174	1861	2115	2256	2194
L3923	8446	8584	7953	8233	8721	9181	8444	8238	8573	7847	6677	6330
L5321	1602	1729	1529	1683	1519	1636	1560	1645	1437	1661	1631	1665
L5652	0	0	0	0	0	0	1020	1064	953	1147	1055	1137
L3580	0	0	0	0	0	0	221	241	204	236	253	224
L2192	0	0	0	0	0	0	8	11	9	7	10	10
L7180	0	0	0	0	0	0	3	6	1	7	7	4
L3954	0	0	0	0	0	0	0	1	1	0	1	1
L5855	0	0	0	0	0	0	18	22	24	23	17	29
L6320	0	0	0	0	0	0	1	0	1	1	0	0
L0624	0	0	0	0	0	0	3	1	3	6	3	1
L2340	0	0	0	0	0	0	1660	1493	1288	1423	1390	1313
L5341	0	0	0	0	0	0	2	9	2	5	4	2
L7520	0	0	0	0	0	0	3060	2855	2652	3284	3046	2656
L8515	0	0	0	0	0	0	52	47	58	51	46	50
Q4017	1	0	5	0	0	0	0	0	0	0	0	0
L6689	0	0	0	0	0	0	4	4	5	9	6	4
K0056	0	0	0	2045	2117	2184	2137	1908	1676	1465	1543	1277
L3230	0	0	0	0	0	0	289	327	291	360	386	388
L8510	0	0	0	0	0	0	15	18	10	17	11	6
E2310	1277	1278	1149	0	0	0	0	0	0	0	0	0
L6605	0	0	0	0	0	0	4	7	9	6	3	5
A4625	0	0	0	0	0	0	772	689	680	655	575	536
A7027	0	0	0	3639	3525	3543	3159	3250	3165	3133	3064	3109
L3390	0	0	0	0	0	0	344	365	276	385	339	329
A6196	21803	20164	20100	0	0	0	0	0	0	0	0	0
L3224	0	0	0	0	0	0	707	758	564	630	668	771
L5020	0	0	0	0	0	0	185	181	137	168	153	192
L8015	0	0	0	0	0	0	2177	2104	1998	1952	1876	1868
L5613	0	0	0	0	0	0	26	15	7	13	16	9
L1920	0	0	0	0	0	0	49	48	35	52	35	33
L5712	0	0	0	0	0	0	18	15	23	30	20	24
L2570	0	0	0	0	0	0	9	5	8	10	7	5
E0434	118543	108556	98159	91053	88820	80003	74918	67632	63918	55739	52536	47964
L1971	4645	5794	6412	6792	5998	6830	6330	6909	6320	7451	8632	8206
L2112	0	0	0	0	0	0	321	290	343	345	284	268
L4060	0	0	0	0	0	0	17	15	6	14	17	10
L0210	0	0	0	0	0	0	0	1	1	0	2	0
L6640	0	0	0	0	0	0	0	0	0	5	1	0
K0861	2002	2269	2050	0	0	0	0	0	0	0	0	0
E0155	0	0	0	2399	2324	2118	1891	1568	1455	1629	1507	1451
L6915	0	0	0	0	0	0	2	1	1	0	1	2
K0829	0	0	0	26	28	25	15	8	4	6	6	8
L1850	0	0	0	0	0	0	178	183	145	192	195	189
L5711	0	0	0	0	0	0	6	5	5	5	3	4
L5910	0	0	0	0	0	0	7160	7382	6576	7725	7727	7603
L4387	0	0	0	0	0	0	0	0	1144	2354	3336	3685
L1685	0	0	0	0	0	0	28	14	20	16	16	20
Q4021	1	9	0	2	0	0	0	0	0	0	0	0
L8220	0	0	0	0	0	0	0	1	1	0	1	0
E2612	0	0	0	457	505	534	397	497	480	584	536	488
E2206	0	0	0	1746	1967	1925	1769	1841	1839	2150	2091	2075
E0562	258271	259547	260907	263244	270165	271911	272944	269062	259786	254588	260728	264981
E0673	147	266	303	2937	5292	5695	5688	5020	6181	9148	10222	9265
L3915	0	0	0	0	0	0	226	222	224	302	258	209
G0399	0	0	0	1	0	0	0	0	0	0	0	0
E2387	0	0	0	2425	2222	2505	2850	2790	2563	2587	2527	2332
E0978	0	0	0	29482	30536	31336	28859	27425	25728	24692	23366	21512
L5684	0	0	0	0	0	0	74	88	75	94	92	88
L5648	0	0	0	0	0	0	12	16	14	16	11	14
A9270	67446	66851	64221	64425	62541	61183	61069	58083	55357	54354	54818	56152
L7367	0	0	0	0	0	0	108	118	94	124	103	97
E2367	0	0	0	207	156	167	159	151	139	93	139	90
A6240	1611	2047	2214	2256	2337	3027	3305	2901	2963	3308	3720	3490
L8002	0	0	0	0	0	0	270	278	178	207	219	329
L2650	0	0	0	0	0	0	4	6	9	11	7	11
L3485	0	0	0	0	0	0	523	403	403	482	432	358
L3219	0	0	0	0	0	0	185	232	173	200	216	223
E0651	10679	11201	11131	10075	10517	11268	5584	5336	4938	5769	6266	6182
L5975	0	0	0	0	0	0	160	144	139	138	166	157
L3600	0	0	0	0	0	0	116	127	84	83	112	87
L8680	0	0	0	0	0	0	4	2	20	54	3	2
L1250	0	0	0	0	0	0	35	19	20	17	17	29
Q4014	4	4	1	1	0	0	0	0	0	3	0	0
L6885	0	0	0	0	0	0	0	0	1	0	3	1
L8615	0	0	0	0	0	0	0	0	1	0	0	0
A6245	31	38	64	81	106	104	147	130	94	111	92	60
L5618	0	0	0	0	0	0	151	125	112	132	124	146
L5830	0	0	0	0	0	0	32	27	21	22	23	19
L6100	0	0	0	0	0	0	36	42	47	32	36	26
E0250	0	0	0	4349	5552	6613	8045	9224	10532	11850	13452	14233
L1620	0	0	0	0	0	0	3	2	0	5	2	1
L6647	0	0	0	0	0	0	1	1	2	2	3	1
L4030	0	0	0	0	0	0	1	1	0	0	0	0
L1825	3	1	1	0	1	0	0	0	0	0	0	0
E2381	0	0	0	1191	950	1082	1246	1037	712	1015	1038	549
L0470	0	0	0	0	0	0	23	21	21	15	24	17
L3620	0	0	0	0	0	0	430	460	315	426	409	366
L5331	0	0	0	0	0	0	24	27	23	30	17	31
L5642	0	0	0	0	0	0	2	1	2	0	1	0
L5795	0	0	0	0	0	0	3	4	4	3	2	5
E2361	13067	13962	12780	11294	9827	9438	9216	8266	8260	9642	9722	8369
L8513	0	0	0	0	0	0	125	184	126	157	176	164
L5632	0	0	0	0	0	0	185	142	147	155	166	163
L5653	0	0	0	0	0	0	35	35	25	32	36	44
E2371	0	0	0	22	14	17	13	7	13	9	12	5
L2335	0	0	0	0	0	0	54	33	63	57	107	85
L0861	0	0	0	0	0	0	5	4	3	5	10	0
A4623	0	0	0	0	0	0	16001	16480	16241	16372	16568	16866
L0639	0	0	0	0	0	0	197	160	164	151	171	162
L3810	0	0	0	0	0	0	0	0	2	0	0	0
E0431	1373882	1274416	1181926	1142387	1197285	1142760	1145800	1083645	1115645	1070268	1068702	1032152
L5822	0	0	0	0	0	0	51	56	64	52	59	60
Q4010	44	61	9	1	1	3	5	3	9	9	11	1
E1002	1828	1944	1696	0	0	0	0	0	0	0	0	0
A6236	216	268	207	190	175	111	164	148	131	152	116	122
L5677	0	0	0	0	0	0	31	35	23	29	28	24
E0955	7757	8512	7785	7962	7053	7288	7790	8201	8045	8506	8324	8012
L5670	0	0	0	0	0	0	687	683	588	712	704	654
E0301	0	0	0	1370	1394	1342	1349	1237	1226	1061	1053	1042
L3003	0	0	0	0	0	0	53	43	34	42	37	25
L3913	0	0	0	0	0	0	4033	4487	5429	5264	4748	4942
Q4033	1	0	0	0	0	0	0	0	0	0	0	0
E0149	5621	6023	5551	5298	5405	5800	4798	4478	4370	4908	4955	4694
E0784	28639	29074	29764	31078	33357	33686	33468	32294	31078	30739	34857	40080
T4541	1	5	5	4	9	4	5	5	19	29	17	9
L6635	0	0	0	0	0	0	14	13	4	17	7	13
L2660	0	0	0	0	0	0	7	5	1	1	5	8
E2601	42223	42817	39952	39295	40465	40400	31408	32764	32263	33674	33226	32629
E0992	0	0	0	686	674	684	561	578	528	540	499	493
E0293	0	0	0	38	29	28	24	9	7	9	15	23
L2620	0	0	0	0	0	0	19	24	27	21	19	28
L3480	539	512	486	451	387	460	437	371	291	376	424	500
B4157	168	164	196	212	256	235	201	231	265	235	251	245
L3763	0	0	0	0	0	0	493	484	605	466	540	472
L8310	336	309	321	290	314	289	299	303	230	291	258	253
L5673	0	0	0	0	0	0	10890	10879	9650	11526	11395	11264
L5000	0	0	0	0	0	0	3977	4038	3453	4193	3979	4369
L5790	0	0	0	0	0	0	80	76	73	80	62	58
Q4013	2	0	0	0	0	0	0	1	0	0	0	0
K0001	469041	463874	457613	450650	457656	448473	445779	433964	426876	412045	413584	404458
L3765	0	0	0	0	0	0	16	30	25	34	36	31
L3967	0	0	0	0	0	0	0	1	0	4	1	1
E0295	0	0	0	3964	3989	3952	3750	3631	3352	3253	3282	3280
K0053	0	0	0	3287	3631	3442	3231	2997	2490	2136	2059	1966
A6022	1190	1787	1887	1765	849	688	1545	1318	1300	1334	1494	1246
E0472	0	0	0	73	88	72	79	61	62	48	52	48
E0600	38286	37298	35993	0	0	0	0	0	0	0	0	0
L2387	0	0	0	0	0	0	97	98	65	111	88	97
L6638	0	0	0	0	0	0	3	4	5	8	4	4
E2366	8295	8932	9092	8763	7886	7793	7459	6414	7007	8600	9447	7088
E2616	0	0	0	76	95	95	71	62	76	61	67	59
L5590	0	0	0	0	0	0	277	265	278	274	280	294
L2525	0	0	0	0	0	0	74	72	88	63	78	71
L7261	0	0	0	0	0	0	19	14	13	20	14	5
L0172	2574	2714	2394	2433	2396	2396	2519	2325	2254	2509	2501	2203
E1226	0	0	0	11423	11380	11215	10435	9921	9684	9533	9595	9161
L4205	0	0	0	0	0	0	4811	4321	4097	5019	4666	4117
L1836	0	0	0	0	0	0	99	88	86	106	81	87
L9900	0	0	0	0	0	0	70	92	59	68	71	65
L8043	0	0	0	0	0	0	2	5	2	1	2	0
L5985	0	0	0	0	0	0	91	82	80	97	88	70
L5826	0	0	0	0	0	0	14	14	7	20	17	12
A7526	0	0	0	0	0	0	14187	14166	14163	14241	14682	15164
L4100	0	0	0	0	0	0	45	54	40	72	45	41
A5063	59896	60772	60797	61999	56279	57447	57873	57993	53344	54243	54126	53698
E2368	0	0	0	363	374	374	369	426	349	353	333	294
A5102	1567	1627	1598	1674	1499	1478	1541	1644	1466	1412	1483	1467
L6630	0	0	0	0	0	0	25	32	30	33	27	25
L5824	0	0	0	0	0	0	4	4	4	2	6	3
L5250	0	0	0	0	0	0	3	6	3	5	0	4
E0261	26591	26951	27105	27607	28821	28712	27582	24614	22365	20302	19572	19781
E2392	0	0	0	8391	6729	5127	5490	4793	4838	5922	6360	5707
L3674	0	0	0	0	0	0	16	13	12	3	7	3
L1650	0	0	0	0	0	0	4	5	11	6	2	8
A4624	13676	13390	12862	0	0	0	12842	13159	13259	12892	13058	13140
L0174	0	0	0	0	0	0	3728	3468	3402	3430	3524	3384
L6690	0	0	0	0	0	0	3	4	7	7	3	5
L3208	0	0	0	0	0	0	1	0	0	0	0	0
L3650	6547	6506	6506	6480	6876	6978	7442	7856	8403	7807	7470	6999
K0827	0	0	0	1479	1277	1047	827	621	656	697	759	722
L0468	0	0	0	0	0	0	20	31	15	23	26	17
L1830	10506	10507	10310	9986	9995	10246	10549	10315	10216	10794	10989	10354
B4082	0	0	0	37	52	51	40	46	29	37	30	25
E0656	216	31	23	28	32	41	20	21	18	18	13	9
L6708	22	30	28	20	18	21	15	14	15	23	17	27
L0488	0	0	0	0	0	0	9	14	9	7	10	11
L5840	0	0	0	0	0	0	65	45	47	60	41	66
L5782	0	0	0	0	0	0	44	31	33	55	36	34
L4040	0	0	0	0	0	0	1	4	5	6	3	1
A4409	36541	37929	39376	41110	38180	39962	41432	42228	39764	41104	41500	41666
E0660	69	74	72	73	94	62	64	37	37	40	35	25
L3610	0	0	0	0	0	0	211	228	152	231	224	230
L6672	0	0	0	0	0	0	27	34	27	38	30	32
L0467	0	0	0	0	0	0	0	0	2	7	4	3
L5986	0	0	0	0	0	0	3861	4065	3571	4433	4388	4376
L3170	0	0	0	0	0	0	1174	1106	1089	1231	1321	1119
L3905	0	0	0	0	0	0	98	129	155	147	152	128
L1860	0	0	0	0	0	0	1	3	1	2	4	2
L1846	0	0	0	0	0	0	1713	1831	1728	1865	1835	1918
E1391	0	0	0	586	627	585	546	494	467	416	407	377
L5970	0	0	0	0	0	0	79	113	96	84	125	129
L3000	0	0	0	0	0	0	11935	12164	10824	12718	13329	12918
L5979	0	0	0	0	0	0	234	218	182	179	224	220
L5535	0	0	0	0	0	0	9	5	3	4	4	4
L5654	0	0	0	0	0	0	71	42	34	51	50	61
L7402	0	0	0	0	0	0	5	8	10	13	9	9
L8621	0	0	0	0	0	0	1	0	1	1	1	0
A6241	35	20	21	13	27	35	39	41	39	33	46	40
L3225	0	0	0	0	0	0	622	656	490	585	606	596
L3740	0	0	0	0	0	0	69	66	74	90	65	60
L5420	0	0	0	0	0	0	1	3	5	5	0	3
L2510	0	0	0	0	0	0	66	56	42	44	50	42
A6533	3190	3407	3383	3301	3049	3386	3286	3294	2873	3456	3485	3613
A6024	66	62	41	38	45	53	70	57	58	62	79	110
L8044	0	0	0	0	0	0	4	5	6	8	2	3
K0738	196956	190073	181812	179193	186470	182339	190701	200037	214538	220999	227759	227727
E0652	1598	1600	1563	1639	1500	1674	750	786	560	700	679	714
L2182	0	0	0	0	0	0	26	25	27	23	30	18
L0140	0	0	0	0	0	0	209	218	190	166	200	234
L3410	0	0	0	0	0	0	122	150	111	134	166	144
E0304	0	0	0	588	585	500	453	462	404	385	357	320
L7009	0	0	0	0	0	0	25	31	28	39	32	28
L1060	0	0	0	0	0	0	6	4	6	4	6	6
L3251	0	0	0	0	0	0	20	9	16	13	13	13
L4045	0	0	0	0	0	0	10	15	6	8	8	7
E2607	0	0	0	4030	3513	3330	3271	3359	3233	3276	3221	3055
L7404	0	0	0	0	0	0	29	43	27	45	35	44
L2830	0	0	0	0	0	0	1455	1375	1260	1356	1340	1308
L3809	0	0	0	0	0	0	0	0	5236	8157	9158	10438
L3420	0	0	0	0	0	0	149	126	85	136	134	142
L5690	0	0	0	0	0	0	34	34	37	36	52	43
L5628	0	0	0	0	0	0	5	13	4	11	9	7
B4153	11698	11463	10842	10464	10738	10470	10201	10476	10686	10268	10336	10275
E0215	473	258	210	0	0	0	0	0	0	0	0	0
L3332	0	0	0	0	0	0	1206	1197	1090	1328	1241	1116
E0912	0	0	0	4182	4298	4140	3924	3651	3460	3158	3022	3040
L0640	0	0	0	0	0	0	119	103	120	113	130	128
E0667	10732	11802	13310	6229	5942	6650	6364	6430	5184	6216	6520	6153
A6246	12	21	10	7	11	6	2	5	28	16	8	8
L7403	0	0	0	0	0	0	124	133	106	89	103	115
K0019	0	0	0	8724	7988	7339	7366	6494	5922	6511	6566	6135
L3900	0	0	0	0	0	0	131	118	141	129	115	105
L6676	0	0	0	0	0	0	19	38	17	23	26	21
E1028	15657	16651	15218	15554	13440	14053	15189	16702	15734	16586	16981	17285
L3510	73	92	88	95	81	82	79	65	68	67	47	58
L6905	0	0	0	0	0	0	1	2	6	2	7	0
E0444	55254	56215	56615	56153	57287	56054	55884	53370	51420	46405	43498	40282
B9998	1217	1124	969	937	1043	1090	776	758	797	691	762	730
L5707	0	0	0	0	0	0	21	20	19	28	25	28
L8035	0	0	0	0	0	0	18	41	11	41	34	31
L2030	0	0	0	0	0	0	25	22	17	22	13	25
L6550	0	0	0	0	0	0	1	3	2	2	1	2
L0130	0	0	0	0	0	0	50	31	39	46	29	35
L3002	0	0	0	0	0	0	1284	1585	1449	2097	1502	1612
L6616	0	0	0	0	0	0	25	35	39	40	27	23
L5710	0	0	0	0	0	0	4	6	5	6	4	2
A4595	121954	121867	115782	0	0	0	0	0	0	0	0	0
A6253	5868	5740	5918	0	0	0	0	0	0	0	0	0
L1932	0	0	0	0	0	0	4702	4614	4149	4850	5052	4840
L3640	0	0	0	0	0	0	1	0	5	0	0	2
T4525	0	0	0	1	0	0	0	2	0	1	1	0
L3928	0	0	0	0	0	0	1	0	0	0	0	0
E0130	0	0	0	160	193	190	156	157	134	98	121	118
A7044	0	0	0	251	224	227	203	195	178	172	143	164
A6208	23	26	21	33	31	24	29	28	15	6	5	9
L3215	0	0	0	0	0	0	208	187	174	234	206	263
95800	0	0	0	1	0	0	1	0	0	0	0	0
E0561	0	0	0	547	489	504	430	347	304	277	296	243
K0814	0	0	0	1383	1288	1127	1012	867	696	544	380	203
B4104	76	51	32	39	48	65	78	56	74	70	58	48
L3931	0	0	0	0	0	0	672	565	678	644	555	504
L8040	0	0	0	0	0	0	22	17	15	18	18	21
L3540	0	0	0	0	0	0	316	323	250	309	300	306
L8465	0	0	0	0	0	0	44	57	54	80	50	56
L5160	0	0	0	0	0	0	3	5	3	3	3	1
L6611	0	0	0	0	0	0	29	37	22	34	19	32
L0638	0	0	0	0	0	0	115	100	83	113	103	102
L8642	0	0	0	0	0	0	0	0	0	0	0	1
L6693	0	0	0	0	0	0	16	11	10	15	20	14
L1630	0	0	0	0	0	0	3	1	1	1	0	0
E0973	56473	57191	55126	52979	50350	48302	42488	39877	38353	36807	37775	35448
K0002	18563	18678	18578	18169	18281	18282	18403	18316	19000	19537	20877	21640
L2035	0	0	0	0	0	0	0	1	0	0	0	1
A4349	30044	30090	29833	29873	29192	28603	28630	28136	27341	26937	26739	26185
E0650	475	610	673	632	632	707	780	595	687	794	956	1351
L0180	0	0	0	0	0	0	447	803	979	1091	1078	1200
L5973	0	0	0	0	0	0	71	65	38	55	76	107
A6235	1236	1204	1083	1124	1136	986	1034	1003	969	1005	923	876
L5617	0	0	0	0	0	0	59	40	44	35	35	49
L2750	0	0	0	0	0	0	23	28	18	39	20	34
A4259	1993005	1961657	1932340	0	0	0	0	0	0	0	0	0
L4631	0	0	0	0	0	0	803	790	721	760	757	881
L7401	0	0	0	0	0	0	30	43	25	37	34	42
L5650	0	0	0	0	0	0	3206	3345	2975	3368	3273	3445
E0630	86835	85744	84489	0	0	0	0	0	0	0	0	0
K0856	1526	1516	1310	0	0	0	0	0	0	0	0	0
L4210	0	0	0	0	0	0	2286	2053	1802	2093	2006	1833
L2188	0	0	0	0	0	0	2	4	3	3	1	3
L2670	0	0	0	0	0	0	1	0	1	0	2	0
L3560	0	0	0	0	0	0	11	21	11	30	16	17
L2310	0	0	0	0	0	0	10	9	11	8	3	6
L6570	0	0	0	0	0	0	1	1	1	1	0	3
L8616	0	0	0	0	0	0	0	0	1	0	0	0
L7900	0	0	0	0	0	0	14371	14030	13334	14798	8961	5303
L8415	0	0	0	0	0	0	14	16	14	18	6	14
E0135	15216	14209	13195	13013	13055	12155	10931	10536	10030	9771	9514	9126
L0458	0	0	0	0	0	0	76	79	60	51	56	70
L1600	0	0	0	0	0	0	35	27	23	34	39	28
L3918	0	0	0	0	0	0	0	0	10	17	16	44
L8048	0	0	0	0	0	0	5	4	8	3	5	7
E0956	0	0	0	3785	3390	3533	3959	4353	4035	4236	4389	4570
E2362	0	0	0	3	3	3	8	9	4	27	40	33
L3031	0	0	0	0	0	0	255	213	282	365	305	351
L6881	0	0	0	0	0	0	62	61	43	72	60	54
L1834	0	0	0	0	0	0	12	14	10	40	22	22
L6704	15	29	16	23	12	29	17	13	20	15	18	12
L2232	0	0	0	0	0	0	427	430	345	383	354	341
L8470	0	0	0	0	0	0	6881	6968	6114	7481	7636	7398
L2405	0	0	0	0	0	0	522	506	457	547	503	508
L1120	0	0	0	0	0	0	10	5	9	6	5	6
L8000	0	0	0	0	0	0	62794	70396	38889	59501	60800	67940
L1210	0	0	0	0	0	0	6	18	9	15	9	12
L2425	0	0	0	0	0	0	490	455	411	454	487	614
E2321	701	703	662	0	0	0	0	0	0	0	0	0
A4344	5900	6046	6124	6255	6264	6112	6152	5835	5662	5782	5796	5725
L3140	0	0	0	0	0	0	0	2	2	3	0	0
E2231	0	0	0	2329	2230	2254	2600	2489	2883	2498	2433	2015
L6660	0	0	0	0	0	0	91	121	93	99	105	80
B9002	72512	67120	61131	58966	61632	56611	61494	57594	60272	56488	55458	48661
B4155	0	0	0	15242	15001	14628	14148	13493	13553	12983	13073	12138
B4102	216	213	162	168	162	137	135	127	128	123	114	120
L2770	0	0	0	0	0	0	0	1	2	0	0	1
E0607	170732	177458	157905	0	0	0	0	0	0	0	0	0
E0272	0	0	0	1200	1417	1129	950	916	842	819	830	814
L8045	0	0	0	0	0	0	9	16	15	10	14	5
E2370	6505	7503	7511	7551	6397	5636	5714	5201	5469	6605	7202	5963
A4604	0	0	0	56688	61930	69982	69204	83274	86869	96585	108574	124614
E0271	0	0	0	4148	5202	4537	3923	3834	3827	3906	3823	3751
L5700	0	0	0	0	0	0	3266	3252	2888	3543	3482	3293
L8417	0	0	0	0	0	0	559	558	507	546	600	564
L8514	0	0	0	0	0	0	13	13	6	10	20	10
L8485	0	0	0	0	0	0	69	78	59	58	44	46
L5050	0	0	0	0	0	0	127	88	90	88	96	102
L7362	0	0	0	0	0	0	4	10	1	4	4	10
E2383	0	0	0	296	243	232	258	268	185	202	202	226
A6532	836	870	833	771	671	614	616	580	542	602	639	563
L2108	0	0	0	0	0	0	36	36	40	40	40	39
L5716	0	0	0	0	0	0	0	0	0	0	4	0
E0105	16216	16538	16278	0	0	0	0	0	0	0	0	0
E0655	57	46	55	79	77	98	162	84	92	76	81	89
L0450	0	0	0	0	0	0	191	213	156	182	169	195
L3973	0	0	0	0	0	0	4	5	4	7	3	2
L3730	0	0	0	0	0	0	83	86	96	80	55	60
L3211	0	0	0	0	0	0	14	22	14	20	36	3
A6247	16	17	7	12	13	12	5	8	7	27	30	36
L4396	14223	15590	16153	15043	14085	15525	16538	14604	13606	14670	15182	12597
L3764	0	0	0	0	0	0	49	34	38	28	30	25
L5978	0	0	0	0	0	0	125	123	97	93	84	96
L6632	0	0	0	0	0	0	18	12	15	19	10	15
L6684	0	0	0	0	0	0	9	10	14	17	10	11
E0303	12136	12027	11931	11322	11448	11064	10621	10111	9502	8855	8668	8583
L1990	0	0	0	0	0	0	1675	1751	1410	1635	1676	1699
E1020	0	0	0	1942	1859	1832	1659	1585	1641	1678	1696	1516
L3001	0	0	0	0	0	0	203	242	136	297	257	171
L5510	0	0	0	0	0	0	2	5	1	3	1	0
A6198	24	46	35	34	36	29	42	18	31	49	71	84
L3677	0	0	0	0	0	0	47	43	47	40	37	35
L6350	0	0	0	0	0	0	0	0	2	0	2	0
L4002	0	0	0	0	0	0	2115	1805	1832	2327	2174	1851
L6890	0	0	0	0	0	0	136	144	120	154	130	147
L2627	0	0	0	0	0	0	4	5	6	7	5	3
L6711	0	0	0	0	0	0	2	5	4	0	1	1
L5811	0	0	0	0	0	0	107	95	86	92	101	87
L5920	0	0	0	0	0	0	2506	2631	2371	2663	2593	2728
L5705	0	0	0	0	0	0	1161	1119	970	1117	1063	1119
L3904	0	0	0	0	0	0	0	0	2	0	2	2
L5686	0	0	0	0	0	0	29	38	30	42	24	30
L3975	0	0	0	0	0	0	2	0	1	0	0	1
E2360	0	0	0	9	14	19	11	10	14	23	8	2
A6021	27629	23897	21610	0	0	0	0	0	0	0	0	0
L5679	0	0	0	0	0	0	5197	5163	4452	5632	5344	5408
L3265	0	0	0	0	0	0	835	763	809	814	819	747
L5982	0	0	0	0	0	0	25	10	10	26	19	19
L5781	0	0	0	0	0	0	648	647	494	603	607	579
L6580	0	0	0	0	0	0	2	2	4	1	2	2
A4353	17389	17635	18317	18451	18413	18845	19270	18658	18421	18311	18558	18372
L1260	0	0	0	0	0	0	2	8	9	11	6	14
L4380	0	0	0	0	0	0	3	1	0	0	0	1
L5726	0	0	0	0	0	0	1	0	1	0	0	0
L2280	0	0	0	0	0	0	2035	1976	1718	2002	2006	1821
L0455	0	0	0	0	0	0	0	0	4	10	17	29
Q4008	1	0	0	0	0	0	0	0	0	0	0	0
A6540	165	162	156	203	123	185	145	160	123	146	127	146
L3982	0	0	0	0	0	0	1048	1181	1198	1124	1167	1099
L0623	0	0	0	0	0	0	16	7	2	6	5	11
K0462	0	0	0	11129	8969	7533	7904	7608	8115	9454	9972	8017
L2220	0	0	0	0	0	0	2992	3030	2663	2982	3068	2915
B4158	21	17	13	16	15	25	15	22	26	22	21	22
L8001	0	0	0	0	0	0	636	694	395	470	518	694
L5614	0	0	0	0	0	0	1	6	3	2	1	4
L0978	0	0	0	0	0	0	2	2	4	4	1	3
L3203	0	0	0	0	0	0	3	2	0	5	4	6
E2369	0	0	0	191	175	192	172	153	126	148	157	139
L1930	4516	4471	4480	4175	3813	4098	4043	3712	3436	3783	3835	3446
L0160	0	0	0	0	0	0	116	90	80	105	130	94
L5450	0	0	0	0	0	0	144	152	120	157	133	145
L2010	0	0	0	0	0	0	7	3	7	5	4	2
K0077	0	0	0	1145	1260	1233	1091	1322	1051	1180	1382	1310
L7499	0	0	0	0	0	0	117	131	113	133	119	94
L0810	0	0	0	0	0	0	4	7	5	7	3	3
E0450	5919	5663	5367	5081	4976	4810	4741	4656	4662	4363	4271	4110
B4152	94287	92463	87660	86306	87131	85341	85967	86521	89285	87070	88563	86481
A6213	735	674	763	673	697	707	771	767	713	746	827	899
L6584	0	0	0	0	0	0	0	0	1	1	4	0
A4483	0	0	0	0	0	0	590	638	666	636	609	520
K0003	265437	260687	252763	244416	243678	235877	226733	214131	203749	190343	182523	175555
L5971	0	0	0	0	0	0	24	26	40	19	29	29
L1847	0	0	0	0	0	0	27	15	13	15	13	13
L7260	0	0	0	0	0	0	7	8	8	4	11	10
E2210	0	0	0	2258	1964	2020	2015	1695	1695	1737	1796	1757
L2415	0	0	0	0	0	0	496	512	476	481	450	461
A4490	31	55	60	62	100	80	39	77	45	29	41	17
L5814	0	0	0	0	0	0	159	172	129	158	141	150
L1300	0	0	0	0	0	0	19	21	19	27	14	30
L3595	0	0	0	0	0	0	3	5	5	6	9	2
L8047	0	0	0	0	0	0	2	1	1	0	1	2
E0154	0	0	0	4272	4204	4027	3612	3456	3199	3167	3348	3087
L1848	0	0	0	0	0	0	0	0	6	21	3	5
L0190	0	0	0	0	0	0	48	41	48	60	40	29
L1640	0	0	0	0	0	0	5	0	7	2	3	1
A6224	535	457	440	384	385	410	534	585	564	739	782	768
E0433	0	0	0	118	137	84	58	42	40	34	23	22
L1100	0	0	0	0	0	0	0	0	1	0	0	0
A6211	765	688	746	776	660	708	852	873	812	868	957	932
L0457	0	0	0	0	0	0	0	0	172	374	476	587
L5859	0	0	0	0	0	0	9	7	4	6	2	0
L4090	0	0	0	0	0	0	43	40	37	39	29	34
L5683	0	0	0	0	0	0	564	509	382	505	483	537
L0970	0	0	0	0	0	0	21	10	12	7	15	13
L6623	0	0	0	0	0	0	6	7	5	3	5	3
E1810	17660	16621	15799	0	0	0	0	0	0	0	0	0
E0294	0	0	0	2171	2244	2150	2374	2525	2806	2821	2913	2738
L5718	0	0	0	0	0	0	0	1	0	3	1	2
L2780	0	0	0	0	0	0	1600	1498	1285	1463	1508	1464
L3961	0	0	0	0	0	0	2	4	3	5	3	4
L2680	0	0	0	0	0	0	2	2	6	7	6	8
L6722	2	3	6	3	5	3	3	6	4	3	4	2
A4580	164	184	106	23	33	23	26	15	18	19	19	12
L1800	2	2	3	0	1	1	1	1	0	0	0	0
E1340	0	0	0	0	0	1	0	0	0	0	0	0
L7364	0	0	0	0	0	0	12	8	4	5	10	8
L8039	0	0	0	0	0	0	24	42	12	15	19	16
L8300	441	455	457	416	411	382	434	380	336	338	340	319
B4149	0	0	0	853	825	771	738	727	762	669	658	649
Q4038	101	173	71	4	9	7	1	4	8	14	10	3
L5961	0	0	0	0	0	0	2	8	4	12	7	6
L1280	0	0	0	0	0	0	7	5	7	6	6	14
L8501	0	0	0	0	0	0	1629	1652	1614	1515	1637	1696
L8619	0	0	0	0	0	0	0	0	1	0	0	0
L2385	0	0	0	0	0	0	420	422	363	389	364	366
L5682	0	0	0	0	0	0	36	41	33	41	32	38
A7046	102877	108890	104971	110904	110184	118659	109541	123946	120609	137792	148129	158552
L3933	0	0	0	0	0	0	2579	2665	3117	3054	2772	2915
L0974	0	0	0	0	0	0	16	16	21	9	13	10
E0316	0	0	0	20	20	16	16	18	10	16	6	4
A7033	108218	115520	110931	117748	114697	122167	115033	126711	124161	134728	146292	156777
E0291	0	0	0	1	0	0	2	3	3	8	7	3
L1050	0	0	0	0	0	0	15	16	18	10	10	15
E0731	8222	7426	6588	0	0	0	0	0	0	0	0	0
L5981	0	0	0	0	0	0	1742	1759	1485	1905	1817	1893
L0710	0	0	0	0	0	0	19	11	10	12	17	13
L5728	0	0	0	0	0	0	6	4	2	6	1	0
B4087	0	0	0	5566	5501	5022	4341	4261	4112	3985	4199	4207
E0720	11647	12721	10879	0	0	0	0	0	0	0	0	0
K0848	964	1017	887	0	0	0	0	0	0	0	0	0
L2040	0	0	0	0	0	0	9	7	6	3	6	8
L5620	0	0	0	0	0	0	8807	9016	7842	9318	9308	9132
L1220	0	0	0	0	0	0	230	224	225	206	176	186
A6243	215	197	223	171	169	241	231	190	143	150	124	129
L1812	0	0	0	0	0	0	0	0	1196	2714	3791	4781
A4452	48878	47567	46975	0	0	0	0	0	0	0	0	0
E1225	0	0	0	1388	1450	1352	1392	1460	1496	1460	1671	1660
L6975	0	0	0	0	0	0	0	1	1	0	3	1
A6199	3573	3643	3737	3563	3296	3487	3859	3957	3781	4005	4327	4012
L2114	0	0	0	0	0	0	969	801	748	888	823	687
Q4007	0	1	0	0	0	0	0	0	0	0	0	0
A9277	331	391	398	491	496	505	596	765	743	750	752	773
L5857	0	0	0	0	0	0	4	4	6	10	4	3
E0185	19228	18111	17091	0	0	0	0	0	0	0	0	0
E1007	1932	2164	1971	0	0	0	0	0	0	0	0	0
A7521	0	0	0	0	0	0	5101	5181	4927	4739	4822	4706
L3935	0	0	0	0	0	0	192	170	313	223	220	218
L3570	0	0	0	0	0	0	6	5	8	2	6	4
L2375	0	0	0	0	0	0	16	10	11	6	12	9
E0940	0	0	0	11172	10867	10084	9883	9497	9040	8353	7936	7471
L5950	0	0	0	0	0	0	2609	2771	2450	2815	2699	2911
L0637	19826	21875	22813	23722	24355	25806	25440	24527	18774	17384	15480	13196
A6536	272	252	315	367	344	310	280	282	241	246	238	234
L3929	0	0	0	0	0	0	473	425	586	512	448	430
L1090	0	0	0	0	0	0	0	1	1	1	0	1
T4543	0	0	0	0	0	1	1	0	0	1	0	0
S9342	4	2	2	0	0	0	0	0	0	0	0	0
L3891	0	0	0	0	0	0	9	4	4	3	3	17
L2090	0	0	0	0	0	0	2	0	0	0	0	1
L0626	2610	2986	3022	2963	2850	3322	3201	3074	2516	2530	2361	2004
A4590	82	101	61	13	15	8	12	6	15	12	7	11
L1652	0	0	0	0	0	0	485	359	376	381	370	324
L6884	0	0	0	0	0	0	5	8	3	6	4	7
L3678	0	0	0	0	0	0	0	0	4	12	4	2
E0776	88580	84623	79407	75322	76307	72617	73416	62876	62353	59100	57137	53665
L1980	0	0	0	0	0	0	108	120	81	106	110	108
A6545	1681	1953	2205	2158	2179	2653	3048	3261	3058	3577	3787	3635
L5968	0	0	0	0	0	0	776	893	780	911	938	1070
E2606	0	0	0	92	53	50	50	64	56	52	61	64
T4523	2	0	1	0	0	1	0	1	18	10	8	6
L6675	0	0	0	0	0	0	88	102	82	88	77	76
L5230	0	0	0	0	0	0	2	2	3	2	4	8
E0604	38	24	25	57	23	29	21	24	26	25	32	27
L2390	0	0	0	0	0	0	223	242	200	226	253	280
E2202	0	0	0	743	813	828	841	818	832	814	817	722
L8010	843	909	909	903	781	994	879	882	692	853	804	838
L3216	0	0	0	0	0	0	2762	2802	2720	3739	3127	3270
Q4006	6	12	0	1	0	0	0	0	0	2	0	0
L6713	0	0	0	0	0	0	0	0	1	2	1	0
A6257	3020	3003	3016	2877	3109	3115	2962	2985	2837	2767	2870	2671
L5676	0	0	0	0	0	0	72	82	79	91	85	63
L5105	0	0	0	0	0	0	10	7	5	7	10	6
L0486	0	0	0	0	0	0	584	509	517	595	611	625
L5681	0	0	0	0	0	0	236	237	179	219	199	192
L6650	0	0	0	0	0	0	2	6	5	3	1	1
L2080	0	0	0	0	0	0	1	5	3	4	2	2
A6237	1629	1587	1420	1323	1298	1457	1369	1307	1289	1206	1248	1121
L5925	0	0	0	0	0	0	538	588	588	619	679	712
E0990	9140	9187	8761	7995	7289	6915	6624	6381	6256	5205	5225	4684
E0439	93117	85395	77751	72324	70517	63389	59000	52947	50334	44039	41691	37677
L5988	0	0	0	0	0	0	259	287	248	264	292	281
L5685	0	0	0	0	0	0	5925	5663	4930	5922	5838	5700
L5695	0	0	0	0	0	0	429	447	372	441	416	413
L5856	0	0	0	0	0	0	436	470	396	484	428	486
L0480	0	0	0	0	0	0	52	32	36	35	32	30
B4036	16711	15902	15030	14920	15413	14675	13455	13386	13766	13520	13773	13549
L3927	0	0	0	0	0	0	670	657	753	825	736	725
L2526	0	0	0	0	0	0	16	12	11	13	15	13
L0700	0	0	0	0	0	0	3	4	5	8	2	8
L3800	0	0	0	0	0	0	0	0	1	0	0	0
L1845	4391	5685	5470	5715	5826	6659	6640	6278	4526	5457	5269	3870
L5631	0	0	0	0	0	0	2650	2790	2429	2813	2691	2909
L5850	0	0	0	0	0	0	1522	1558	1487	1578	1484	1638
L6965	0	0	0	0	0	0	3	3	2	3	3	2
E0156	76594	86320	83036	77629	73425	85063	68095	62742	55522	69015	71390	64718
E2386	6253	6757	7118	7392	6443	6033	6859	6491	6468	7529	8098	7057
K0851	85	84	80	80	61	55	29	20	26	34	19	20
L2126	0	0	0	0	0	0	2	6	7	5	4	6
B4100	1022	945	973	1026	985	1088	1042	1004	1068	1042	1063	1026
T4522	4	6	1	3	2	3	3	2	2	3	1	4
L5984	0	0	0	0	0	0	676	631	567	645	694	635
L0982	0	0	0	0	0	0	7	4	9	17	18	6
E2384	0	0	0	555	521	574	655	629	512	603	536	432
Q4034	0	0	0	0	0	0	1	0	0	0	0	0
K0823	309694	293481	267317	231497	200581	166730	122401	73947	67647	63148	62511	62851
L2810	0	0	0	0	0	0	830	1026	1396	1318	1549	1863
L5697	0	0	0	0	0	0	59	38	31	35	43	33
L1030	0	0	0	0	0	0	8	5	11	8	3	4
K0007	21606	21353	20991	20656	21119	20534	19915	18641	18307	17550	17512	17229
A6549	3245	3711	3861	4194	3244	4087	3950	4441	3263	4124	4456	4590
E0911	0	0	0	477	502	427	387	372	376	334	324	274
L0113	0	0	0	0	0	0	50	48	29	53	51	39
L6960	0	0	0	0	0	0	0	0	0	1	0	1
K0828	0	0	0	22	19	12	9	4	6	4	2	3
L5312	0	0	0	0	0	0	21	21	21	19	20	16
E2614	0	0	0	61	38	31	35	34	38	38	47	38
E0461	818	794	791	745	667	684	683	645	688	703	707	726
L8500	0	0	0	0	0	0	192	194	147	186	177	173
L8691	0	0	0	0	0	0	0	0	0	2	0	0
E0260	574694	556970	535937	515426	513334	483477	463424	429787	408364	372389	355290	335740
A7000	46485	47094	45436	46331	45358	46662	47892	47671	44421	45550	46504	45236
A6209	25075	21717	20549	0	0	0	0	0	0	0	0	0
K0826	0	0	0	234	183	156	144	144	158	162	154	158
L3919	0	0	0	0	0	0	597	605	763	718	616	650
L2530	0	0	0	0	0	0	28	31	17	27	18	24
Q4001	0	3	1	0	0	0	0	0	0	0	0	0
A7003	288599	268760	262011	0	0	0	0	0	0	0	0	0
L8030	0	0	0	0	0	0	26250	28244	16345	24884	25590	27042
A4338	24497	23884	24332	24002	23743	24071	23925	23132	23146	22956	23122	22620
E0960	0	0	0	1492	1331	1362	1444	1453	1563	1403	1418	1433
A5105	487	494	455	411	355	361	385	371	375	405	384	373
L1270	0	0	0	0	0	0	35	30	31	34	29	45
L5701	0	0	0	0	0	0	1241	1272	1104	1310	1259	1371
L1844	0	0	0	0	0	0	1630	1228	1373	1449	1493	1631
L2760	0	0	0	0	0	0	38	41	27	42	59	51
L3221	0	0	0	0	0	0	1622	1569	1643	2037	1802	1876
L1910	0	0	0	0	0	0	17	92	19	23	16	26
L1902	19464	23627	25471	27507	21581	25264	26896	24984	24138	27908	27396	24952
E2603	0	0	0	4407	4286	4120	3528	3241	3005	3306	3198	2999
L3310	0	0	0	0	0	0	1613	1638	1343	1652	1559	1580
B4034	65988	63101	59508	58822	60054	58223	57232	57683	60024	58874	59721	57498
L2320	0	0	0	0	0	0	200	177	122	150	151	183
L0170	0	0	0	0	0	0	32	32	30	37	23	39
L3660	2815	2715	2852	3034	3189	3254	3168	3348	3786	3681	4508	5982
E0277	37135	35901	33417	31310	31835	30819	29044	26734	25592	23630	22313	20739
L3350	0	0	0	0	0	0	719	592	587	672	709	693
L3956	0	0	0	0	0	0	6	4	12	13	7	7
B4162	69	52	59	43	49	76	74	110	99	82	93	102
A6010	904	935	1230	0	0	0	0	0	0	0	0	0
L1907	0	0	0	0	0	0	398	441	319	420	435	437
L0633	0	0	0	0	0	0	265	276	195	223	224	186
L2550	0	0	0	0	0	0	104	53	68	69	66	69
L3976	0	0	0	0	0	0	3	0	0	0	0	0
K0801	0	0	0	314	290	327	313	320	267	302	301	267
K0070	0	0	0	560	576	530	603	655	550	602	603	679
A4500	762	715	696	606	632	736	727	661	640	722	627	525
L2260	0	0	0	0	0	0	114	119	108	112	115	125
L6810	0	0	0	0	0	0	2	3	1	2	3	3
L6715	2	4	2	1	2	2	3	3	2	5	9	3
L5810	0	0	0	0	0	0	80	95	85	77	84	89
L5960	0	0	0	0	0	0	38	44	34	53	34	44
L6370	0	0	0	0	0	0	3	1	2	8	1	3
L7600	0	0	0	0	0	0	43	38	33	32	44	45
L3901	0	0	0	0	0	0	20	13	18	7	11	7
L1310	0	0	0	0	0	0	2	1	0	1	3	1
E0676	551	3537	4716	3250	2996	3295	4436	4832	4893	4476	4141	3136
L3300	0	0	0	0	0	0	419	384	346	356	415	400
L2240	0	0	0	0	0	0	17	25	20	27	18	23
L3908	71231	72766	69749	69079	70282	73974	71505	70220	73563	74131	72897	69967
A6215	18	23	32	26	35	45	21	36	21	22	20	28
L5940	0	0	0	0	0	0	7475	7637	6598	7990	7953	7885
E1390	2996229	2798606	2644323	2577852	2715106	2596641	2674237	2550531	2638466	2532320	2560466	2466241
K0824	2823	2791	2645	2266	2053	1837	1596	1276	1219	1178	1180	1137
K0820	0	0	0	6	4	1	4	28	72	120	161	158
L6703	26	22	20	25	18	20	30	15	23	28	8	18
E0158	0	0	0	307	321	323	280	321	340	345	315	328
L2300	0	0	0	0	0	0	17	12	5	3	1	6
A4314	38023	37626	36658	35953	33401	33527	33438	32553	31743	30823	30312	29949
A4320	4356	4143	4136	3941	4107	4112	4506	4235	4077	3530	3592	3358
A4430	6167	6522	6506	6802	6217	6451	6636	6709	6322	6522	6607	6637
L3630	0	0	0	0	0	0	243	225	195	206	201	219
L6910	0	0	0	0	0	0	0	2	0	2	1	1
L3760	0	0	0	0	0	0	3207	3194	3200	3301	3440	3358
Q4046	17	8	0	0	1	0	0	0	2	0	0	0
L1005	0	0	0	0	0	0	11	4	4	23	22	34
A4340	3772	3827	3817	3831	3806	3768	3690	3519	3401	3575	3634	3576
L1680	0	0	0	0	0	0	13	16	12	18	8	11
E0951	0	0	0	28182	28271	28365	26019	24204	21718	19439	18589	17606
L8430	0	0	0	0	0	0	2319	2347	2122	2474	2440	2490
L5630	0	0	0	0	0	0	41	28	27	28	27	35
L5699	0	0	0	0	0	0	3	4	8	7	9	5
E0471	37177	38481	39874	41608	44500	45015	46891	46394	46314	45104	46621	48547
L3400	0	0	0	0	0	0	431	430	306	384	390	414
E0635	2330	2462	2682	2652	2378	2322	2267	2202	2040	2076	2167	2287
L2210	0	0	0	0	0	0	3576	3399	2955	3423	3318	3433
L4080	0	0	0	0	0	0	11	15	16	11	10	9
L3971	0	0	0	0	0	0	3	4	3	5	6	0
L2036	0	0	0	0	0	0	1016	971	877	945	927	909
L2270	0	0	0	0	0	0	4323	4105	3540	4010	4204	4139
L6697	0	0	0	0	0	0	11	5	0	5	2	5
L0859	0	0	0	0	0	0	57	46	48	77	43	54
L5400	0	0	0	0	0	0	17	16	13	13	10	9
L6400	0	0	0	0	0	0	6	5	6	9	3	10
E2209	0	0	0	1832	1735	1809	1684	1629	1638	1469	1540	1471
E0470	145940	145775	144734	145166	149087	148229	150116	149239	147824	144906	147327	146409
L0120	5485	5423	5162	5062	5196	5154	5163	4861	4739	4965	5064	4775
L6637	0	0	0	0	0	0	3	4	1	7	3	3
L2610	0	0	0	0	0	0	17	12	7	15	11	6
L2795	0	0	0	0	0	0	1390	1158	1350	1620	1535	1554
L4398	0	0	0	0	0	0	477	387	408	380	407	349
L8400	0	0	0	0	0	0	2954	2954	2514	3094	3157	2986
L3912	0	0	0	0	0	0	336	342	357	369	297	320
L6680	0	0	0	0	0	0	144	145	134	124	128	123
L8509	0	0	0	0	0	0	18	29	24	11	102	98
L8460	0	0	0	0	0	0	1258	1295	1279	1326	1268	1339
K0815	0	0	0	91	71	101	121	157	206	263	278	274
E0255	0	0	0	6545	7889	9238	10085	10560	11262	11763	12573	12477
L5980	0	0	0	0	0	0	652	682	549	699	651	667
L7405	0	0	0	0	0	0	6	7	10	9	9	8
L3670	17521	15649	15344	16428	18631	17828	17505	18555	22040	20440	20367	20040
L4370	0	0	0	0	0	0	132	129	127	154	122	126
L2230	0	0	0	0	0	0	704	626	464	556	564	576
L6200	0	0	0	0	0	0	2	5	0	2	2	4
L5638	0	0	0	0	0	0	9	7	3	5	5	3
A6259	295	318	313	300	285	261	310	253	213	215	266	231
E2201	0	0	0	9411	9892	9812	0	0	9304	9194	9594	9245
L7902	0	0	0	0	0	0	7	5	10	6	6	0
L2005	0	0	0	0	0	0	129	138	136	135	114	120
L1200	0	0	0	0	0	0	7	20	6	15	12	9
L6055	0	0	0	0	0	0	5	3	3	1	1	1
L2128	0	0	0	0	0	0	24	35	18	26	23	18
L6615	0	0	0	0	0	0	54	52	50	49	42	41
L5656	0	0	0	0	0	0	12	14	10	13	17	12
L0650	0	0	0	0	0	0	0	1	6706	10469	14289	16207
L1025	0	0	0	0	0	0	0	1	1	8	4	0
B4161	240	238	244	218	235	215	175	196	214	183	197	224
L2116	0	0	0	0	0	0	710	638	706	605	496	545
L2820	0	0	0	0	0	0	20925	20519	18029	20654	21284	20809
L5647	0	0	0	0	0	0	2104	2152	1841	2352	2314	2331
Q4005	0	0	0	0	0	0	0	0	0	2	1	0
A6210	5254	5203	5151	0	0	0	0	0	0	0	0	0
L5785	0	0	0	0	0	0	164	116	158	161	158	165
E0961	0	0	0	24858	25121	24834	22800	20741	19547	19131	19533	19290
A4495	285	273	217	283	437	418	507	633	681	660	517	228
95806	0	1	1	1	1	0	14	14	1	0	1	1
L2136	0	0	0	0	0	0	12	13	29	23	33	37
L6709	2	6	1	5	1	5	2	4	2	5	1	4
L3206	0	0	0	0	0	0	2	4	0	1	0	3
L8440	0	0	0	0	0	0	3875	3878	3691	4085	4215	4228
L5460	0	0	0	0	0	0	8	9	9	11	4	14
L3962	0	0	0	0	0	0	55	62	40	43	52	50
L6970	0	0	0	0	0	0	0	0	2	0	0	0
L4350	8823	10368	10423	8998	8643	10353	10424	9051	9292	10528	10761	9021
E0157	0	0	0	108	100	109	78	92	38	37	33	32
L0629	0	0	0	0	0	0	17	15	11	23	23	24
L1840	0	0	0	0	0	0	6	10	9	16	8	13
L1020	0	0	0	0	0	0	28	15	17	18	19	21
E1031	0	0	0	16164	15569	14759	13608	11899	10297	8812	7744	7049
E2363	4768	5043	4380	4058	3420	3938	3944	3682	3238	3721	3534	3459
L4386	15522	16852	16690	15305	15032	16305	17108	15794	14311	13865	13137	11221
L8507	0	0	0	0	0	0	719	678	639	604	662	666
L6205	0	0	0	0	0	0	1	1	0	1	0	0
L8420	0	0	0	0	0	0	10078	10038	8811	10624	10818	10391
L6694	0	0	0	0	0	0	34	30	37	41	47	35
L5585	0	0	0	0	0	0	8	7	10	12	10	8
A6203	1566	1691	1719	1540	1577	1815	1879	1741	1792	1922	2187	2257
L5010	0	0	0	0	0	0	68	72	38	47	55	61
E2604	0	0	0	273	266	282	263	216	214	307	326	282
E2615	0	0	0	1485	1342	1293	1191	1253	1193	1143	1197	1206
L2624	0	0	0	0	0	0	271	209	236	257	237	240
L2380	0	0	0	0	0	0	21	14	20	18	22	13
L3090	0	0	0	0	0	0	50	42	40	43	65	51
A6251	3416	3017	2854	2757	2667	2674	3095	2042	1909	1793	1803	1776
L3060	0	0	0	0	0	0	1475	1470	1320	1606	1534	1427
L0641	0	0	0	0	0	0	0	0	111	467	818	793
L3340	0	0	0	0	0	0	74	93	65	55	30	29
L3040	0	0	0	0	0	0	2465	2150	2021	2605	2230	2129
A6244	11	9	8	5	3	7	5	3	10	14	9	6
L6642	0	0	0	0	0	0	0	0	0	0	1	0
E0143	242032	244734	231172	227539	232182	234869	202354	199662	192648	200627	201758	195178
K0800	4489	4825	4525	3804	3004	2978	2532	2495	2252	2524	2875	2672
A6206	160	207	200	150	170	177	183	156	186	189	184	187
L5639	0	0	0	0	0	0	2	2	2	1	0	0
L5595	0	0	0	0	0	0	0	0	1	1	0	0
A6222	18833	16915	17465	0	0	0	0	0	0	0	0	0
L5500	0	0	0	0	0	0	7	1	16	6	6	10
L1080	0	0	0	0	0	0	1	3	1	0	1	1
L3936	0	0	0	0	0	0	0	0	0	0	1	0
K0816	0	0	0	456	414	453	849	1787	3055	4415	5776	6539
E0256	0	0	0	1013	833	659	502	389	314	291	317	340
L2628	0	0	0	0	0	0	4	2	4	5	5	11
E0971	100756	102118	100803	100942	104312	102174	96604	90464	83918	76421	72856	68122
L8330	0	0	0	0	0	0	23	14	17	7	15	18
L4020	0	0	0	0	0	0	3	3	0	0	0	1
A4351	99177	102453	106092	108263	107602	109466	113354	111704	110500	112776	117840	120027
L8049	0	0	0	0	0	0	20	15	24	15	23	16
L6050	0	0	0	0	0	0	8	12	5	7	6	10
E0957	0	0	0	404	350	365	405	407	443	404	391	420
A7031	141953	153707	146554	156477	157829	165938	163346	184486	187043	202117	219414	233365
L0984	0	0	0	0	0	0	97	91	86	103	102	92
L8435	0	0	0	0	0	0	82	81	70	69	66	69
K0040	0	0	0	5540	4808	4711	5162	5499	5725	5732	6008	5758
L5698	0	0	0	0	0	0	130	105	114	114	101	104
L5972	0	0	0	0	0	0	2747	3018	2715	3094	3185	3172
L3020	0	0	0	0	0	0	7497	7691	6711	7667	7879	7459
L5220	0	0	0	0	0	0	21	24	14	16	21	17
A6550	38394	39856	37660	38107	35956	37643	38351	37983	34292	36010	36255	35367
E1392	124259	129302	137066	149964	167579	173123	187392	188842	196836	196066	204768	203219
A7045	0	0	0	1098	1283	1418	1654	2448	981	884	1007	1104
L3380	0	0	0	0	0	0	8	11	11	11	19	12
L5200	0	0	0	0	0	0	36	44	44	33	32	50
L5818	0	0	0	0	0	0	24	33	21	16	23	33
L0980	0	0	0	0	0	0	1	1	1	0	5	2
L1970	8342	9259	9039	8709	7151	8289	8544	8097	6967	7951	8210	7918
L8032	0	0	0	0	0	0	288	382	231	277	255	265
L3070	0	0	0	0	0	0	102	29	28	36	103	253
E2213	0	0	0	2678	2514	2434	2620	2706	2908	2599	2775	2832
E0441	0	0	0	496	529	404	296	238	281	339	412	472
L3995	0	0	0	0	0	0	912	835	1150	965	886	846
L3150	0	0	0	0	0	0	0	0	0	1	0	0
E0601	803275	808107	817405	826863	849406	843279	855063	837241	832617	806825	830910	834680
A7029	0	0	0	3106	3116	3212	2951	3021	2928	2902	2889	2860
L2800	0	0	0	0	0	0	167	162	134	158	175	167
L6698	0	0	0	0	0	0	27	25	37	48	45	35
A7032	136058	140928	133023	138736	138070	146388	142046	160333	158522	162684	174663	186411
E0163	112033	104795	98557	0	0	0	0	0	0	0	0	0
L3720	0	0	0	0	0	0	88	87	96	69	49	60
L6310	0	0	0	0	0	0	0	0	0	1	0	0
A6537	65	71	53	63	48	52	45	47	36	48	38	46
L4110	0	0	0	0	0	0	200	208	172	199	210	153
L0150	0	0	0	0	0	0	475	541	435	434	577	654
L6500	0	0	0	0	0	0	6	6	4	9	3	5
L2132	0	0	0	0	0	0	2	2	0	3	1	6
L1960	6296	6810	6455	6071	5499	6054	5947	5767	4923	5406	5767	5520
A4326	1367	1381	1558	1684	1867	1815	1902	2083	2072	2266	2198	2453
L5655	0	0	0	0	0	0	703	697	652	708	703	673
L5643	0	0	0	0	0	0	37	48	39	45	37	36
L6648	0	0	0	0	0	0	0	0	0	2	2	0
A4357	103344	103593	103498	105019	101187	101968	103315	102281	100252	100442	101335	101431
L1820	11174	12284	12955	13366	13594	15974	16552	15549	16455	19015	20115	18935
L5636	0	0	0	0	0	0	44	37	25	32	41	44
L0643	0	0	0	0	0	0	0	0	46	121	120	140
L7366	0	0	0	0	0	0	10	5	4	14	9	3
K0822	26779	25829	24672	21748	19718	17487	14430	11154	10248	9311	8882	8886
A6544	4	3	2	2	7	1	1	2	3	4	3	2
Q4051	78	62	13	2	6	4	1	4	14	4	3	6
L1686	0	0	0	0	0	0	523	458	492	577	610	526
L2265	0	0	0	0	0	0	1030	1070	834	951	971	1024
L5930	0	0	0	0	0	0	84	104	83	73	96	86
L2630	0	0	0	0	0	0	11	27	14	13	13	16
L3701	0	0	0	0	0	0	0	0	1	0	0	0
A7034	318778	325640	315465	326863	318770	336779	306753	336109	320996	343538	365757	380773
E1038	0	0	0	66608	66209	64716	61262	56737	53076	48553	47183	45608
Q4032	0	1	0	0	0	0	0	0	0	0	0	0
E2204	0	0	0	139	148	185	217	286	358	233	209	113
L5666	0	0	0	0	0	0	154	125	118	151	157	134
L1240	0	0	0	0	0	0	40	45	30	45	48	42
L6655	0	0	0	0	0	0	34	38	33	32	27	27
L5651	0	0	0	0	0	0	2699	2808	2543	2941	2795	2994
L1951	0	0	0	0	0	0	1520	1513	1477	1668	1868	1929
E0603	34	34	38	33	38	51	51	42	51	57	92	102
L3030	0	0	0	0	0	0	2005	2026	2384	2802	2752	3163
L3204	0	0	0	0	0	0	0	2	0	0	0	0
L3202	0	0	0	0	0	0	3	1	5	2	5	2
L1085	0	0	0	0	0	0	0	0	1	0	0	0
E0463	8534	8784	9199	9195	9756	10017	10093	10410	11088	11159	11423	11459
L5999	0	0	0	0	0	0	526	503	360	480	412	403
L3080	0	0	0	0	0	0	173	162	165	165	157	135
L2430	0	0	0	0	0	0	221	183	177	161	171	160
L2395	0	0	0	0	0	0	197	179	146	200	188	191
L0642	0	0	0	0	0	0	0	2	13101	15464	17118	15188
L5658	0	0	0	0	0	0	37	25	35	27	30	30
E0570	1082101	1042367	1020041	0	0	0	0	0	0	0	0	0
A4425	26992	28243	29217	30864	28642	30082	31112	31746	29973	30803	31696	31980
K0813	0	0	0	130	106	88	70	45	45	42	25	28
A6254	248	262	244	258	241	232	242	248	259	283	431	275
L6670	0	0	0	0	0	0	26	21	13	28	20	26
L6625	0	0	0	0	0	0	3	0	1	1	2	4
E0302	0	0	0	183	201	183	149	129	110	97	117	102
L5616	0	0	0	0	0	0	16	10	14	17	9	11
L0625	0	0	0	0	0	0	2378	2295	1946	2205	2294	2033
L5722	0	0	0	0	0	0	0	0	1	0	0	1
E0310	0	0	0	1636	2091	1784	1993	1998	1873	1445	1436	1113
A6023	151	206	218	248	224	265	148	108	121	172	187	138
L3209	0	0	0	0	0	0	0	0	1	4	3	1
L4000	0	0	0	0	0	0	0	0	0	2	2	1
L1690	0	0	0	0	0	0	4	5	4	8	7	6
L5570	0	0	0	0	0	0	2	2	3	4	3	2
A4352	21361	21922	23319	24381	24517	25654	27015	27001	27110	28435	29907	30888
B4081	0	0	0	45	38	48	30	30	22	33	29	23
E0483	0	0	0	0	0	0	9151	9378	9386	9451	9353	9446
L1904	0	0	0	0	0	0	120	108	101	116	120	101
A6541	10	11	17	19	21	23	9	27	7	8	9	10
L0631	36508	38179	41384	43780	35237	36990	33942	32105	16416	13260	11271	9351
L6629	0	0	0	0	0	0	63	77	59	77	61	64
L1040	0	0	0	0	0	0	14	11	14	19	12	16
L0456	0	0	0	0	0	0	1829	1881	1825	1860	1951	1801
L2999	0	0	0	0	0	0	1323	1136	1141	1262	1250	1259
L3762	0	0	0	0	0	0	845	794	823	853	861	882
L6935	0	0	0	0	0	0	50	47	34	42	39	38
L6621	0	0	0	0	0	0	18	27	22	29	31	25
L5560	0	0	0	0	0	0	0	3	4	0	3	4
E2402	32054	32429	31629	30870	29814	31592	32345	32111	30742	31155	31121	30274
E2395	0	0	0	2108	1824	2057	2264	2120	2427	2898	3252	2570
A6197	8480	8631	9276	0	0	0	0	0	0	0	0	0
L5680	0	0	0	0	0	0	78	81	69	78	85	58
L0482	0	0	0	0	0	0	209	180	222	177	173	165
L2050	0	0	0	0	0	0	1	1	2	2	1	2
E0305	0	0	0	2683	2775	2615	2657	2597	2503	2290	2551	2099
L3207	0	0	0	0	0	0	0	0	1	0	2	4
T4527	1	17	1	4	5	9	5	0	17	9	7	5
L8699	0	0	0	0	0	0	2	1	0	0	0	0
E0290	0	0	0	13	17	14	24	26	29	37	41	47
A4323	0	0	0	0	1	0	0	0	0	0	0	0
L3255	0	0	0	0	0	0	82	87	24	57	40	34
L0621	0	0	0	0	0	0	989	1037	927	1034	928	1134
E2613	0	0	0	1282	1117	1119	1090	1138	1139	1121	1200	1164
E0670	0	0	0	1	2	6	4	5	1	5	10	2
L5645	0	0	0	0	0	0	3799	4151	3594	4314	4327	4272
L8511	0	0	0	0	0	0	25	43	24	34	36	41
L2180	0	0	0	0	0	0	71	64	70	65	75	79
E0159	0	0	0	2104	2065	2280	1921	1429	1261	1327	1414	1279
L7007	48	46	45	58	51	45	41	46	32	29	30	41
L3010	0	0	0	0	0	0	2434	2446	2159	2648	2494	2581
L3806	0	0	0	0	0	0	390	378	481	431	407	373
L6883	0	0	0	0	0	0	4	15	6	8	8	9
B4160	589	568	562	552	571	557	467	479	538	477	494	443
E2611	18105	18915	17940	17869	18715	19276	14955	16192	15394	16715	15969	15871
K0849	526	553	499	0	0	0	0	0	0	0	0	0
A6255	109	123	121	128	120	102	120	208	152	132	115	95
L1070	0	0	0	0	0	0	3	2	0	1	0	1
L2060	0	0	0	0	0	0	0	0	0	0	1	1
L5694	0	0	0	0	0	0	130	108	90	107	121	125
B4083	0	0	0	14	19	14	17	17	14	13	12	10
L5649	0	0	0	0	0	0	2987	3041	2757	3149	3042	3246
L1290	0	0	0	0	0	0	30	27	23	28	18	28
L3260	18029	19190	19415	17193	17342	18782	19992	18291	18315	20565	21034	17971
L4360	41627	44890	45470	44040	43851	47588	50459	47832	43651	41416	39674	33824
L5610	0	0	0	0	0	0	0	2	3	2	2	2
L6688	0	0	0	0	0	0	31	45	24	37	30	38
E0910	0	0	0	43845	42709	39711	37366	34122	31775	28418	27112	25484
A6238	490	445	432	435	351	288	328	296	274	303	319	314
L6610	0	0	0	0	0	0	3	4	1	5	0	0
B4088	0	0	0	2283	2467	2384	2336	2244	2461	2350	2438	2557
L5704	0	0	0	0	0	0	4101	4012	3349	4149	4120	3956
L5629	0	0	0	0	0	0	7584	7735	6672	8087	8063	7931
L3257	0	0	0	0	0	0	98	63	67	78	74	80
L2540	0	0	0	0	0	0	31	25	35	34	42	28
E2203	0	0	0	1301	1225	1204	1283	1219	1498	1498	1435	1166
L2755	0	0	0	0	0	0	2195	2197	1904	2219	2335	2378
L6110	0	0	0	0	0	0	24	17	16	27	18	23
L1499	0	0	0	0	0	0	95	79	82	81	87	61
L3911	0	0	0	0	0	0	0	0	0	0	2	0
B9000	0	0	0	166	175	169	157	97	101	108	118	94
L0651	0	0	0	0	0	0	0	0	47	58	28	39
E0668	521	545	555	469	524	660	565	570	501	613	611	704
L6600	0	0	0	0	0	0	5	4	5	2	1	2
T4535	0	20	6	4	3	1	0	0	16	12	5	5
A4432	23635	24629	25152	25925	23687	24489	25292	25545	23563	24301	24496	24756
K0108	49438	52523	51286	0	0	0	0	0	0	0	0	0
L1906	10114	8391	8084	6802	6337	7081	7217	6602	6407	7253	7219	6819
A4354	1497	1573	1601	1678	1705	1788	1639	1629	1502	1571	1543	1506
L5611	0	0	0	0	0	0	356	320	310	380	347	376
A6531	5560	5747	5992	6457	5510	6145	6101	6119	5077	5713	5572	5423
K0069	0	0	0	353	463	432	362	404	339	425	446	427
A6266	9412	9280	10382	0	0	0	0	0	0	0	0	0
L8031	0	0	0	0	0	0	40	30	21	20	25	31
L6882	0	0	0	0	0	0	84	91	66	89	87	76
L6955	0	0	0	0	0	0	9	14	12	13	17	10
L2186	0	0	0	0	0	0	20	34	25	13	24	30
L6696	0	0	0	0	0	0	15	13	13	15	23	17
L5724	0	0	0	0	0	0	0	0	2	1	2	0
L0466	0	0	0	0	0	0	22	15	15	24	15	10
L2600	0	0	0	0	0	0	11	14	6	7	5	5
L3970	0	0	0	0	0	0	0	0	1	0	0	0
K0821	0	0	0	227	186	226	648	1763	2514	3012	3882	3950
E2377	2395	2732	2429	0	0	0	0	0	0	0	0	0
L2622	0	0	0	0	0	0	39	33	31	40	49	32
L5780	0	0	0	0	0	0	0	0	0	0	1	0
E0280	0	0	0	19	35	26	17	8	11	6	10	10
Q4022	18	17	5	2	1	2	0	1	0	3	1	3
L0627	16881	17419	18001	18992	16107	16530	17632	20567	12584	11998	11416	9960
L3201	0	0	0	0	0	0	2	2	5	3	0	1
L0635	0	0	0	0	0	0	22	17	24	34	17	19
E0140	0	0	0	288	315	295	130	118	225	177	197	188
L3702	0	0	0	0	0	0	614	652	679	612	616	569
L2106	0	0	0	0	0	0	11	17	16	34	24	17
E2620	3165	3438	3151	3307	2803	2898	3368	3669	3363	3683	3618	3669
L4361	0	0	0	0	0	0	0	2	6265	10332	14672	17355
Q4018	2	6	0	1	0	0	1	1	0	1	1	0
A6242	1843	1654	1484	1349	1249	1347	1357	1328	1105	1455	1645	1511
L3250	0	0	0	0	0	0	28	42	33	37	60	71
L2492	0	0	0	0	0	0	145	104	121	116	101	106
L3930	0	0	0	0	0	0	0	0	12	42	19	38
A7035	383493	389593	381178	395974	389817	413215	384995	415121	389833	428198	443392	457540
B4150	115192	108938	102519	99062	98590	94013	94912	92761	94510	88471	87411	82697
A4256	1115736	1113214	1098443	0	0	0	0	0	0	0	0	0
E2374	5187	5814	6069	0	0	0	0	0	0	0	0	0
L3906	0	0	0	0	0	0	3174	3267	4363	3889	3685	3695
L0220	0	0	0	0	0	0	246	244	239	235	188	117
A4424	6770	6807	7141	7391	6877	7228	7634	7754	7334	7755	8076	8138
L4070	0	0	0	0	0	0	40	47	47	37	43	45
L5692	0	0	0	0	0	0	45	37	43	50	34	33
L6624	0	0	0	0	0	0	8	13	17	10	12	12
A7039	165514	170953	165006	173488	167585	179799	165740	184737	172204	190847	192771	196250
L2500	0	0	0	0	0	0	16	11	6	12	9	10
A4253	3415047	3400337	3349524	0	0	0	0	0	0	0	0	0
A6248	10460	9545	9261	9070	9463	10176	10653	10308	10850	11117	10290	9212
L6250	0	0	0	0	0	0	19	18	11	17	13	20
E0251	0	0	0	241	131	122	125	137	169	183	202	203
L1843	4056	5632	6323	6527	6840	8594	8735	9644	9197	9460	10055	7820
L2037	0	0	0	0	0	0	36	48	34	33	39	31
L6695	0	0	0	0	0	0	22	23	12	7	15	14
L3977	0	0	0	0	0	0	1	0	2	1	1	0
T4526	0	0	0	3	6	8	4	3	19	4	3	3
E0666	134	215	230	195	144	164	221	114	153	154	147	136
L3222	0	0	0	0	0	0	101	142	107	136	138	166
L5622	0	0	0	0	0	0	60	63	43	58	73	62
E0193	0	0	0	163	166	155	160	155	153	152	186	173
L2070	0	0	0	0	0	0	5	2	5	4	3	1
L5210	0	0	0	0	0	0	19	17	26	27	22	32
L6300	0	0	0	0	0	0	2	0	1	2	1	4
L2360	0	0	0	0	0	0	871	855	756	858	873	859
L2850	0	0	0	0	0	0	180	160	168	164	156	166
L5646	0	0	0	0	0	0	48	34	48	48	43	36
L8042	0	0	0	0	0	0	25	19	22	25	21	17
L4130	0	0	0	0	0	0	2	3	5	3	5	3
A6539	467	493	478	613	483	511	524	574	451	494	492	630
A6011	538	430	406	348	295	357	391	402	443	315	356	345
L6880	19	15	9	16	16	22	34	31	23	39	24	27
L0464	0	0	0	0	0	0	657	741	877	834	874	880
L3470	0	0	0	0	0	0	6	1	4	3	6	7
L1000	0	0	0	0	0	0	1	0	1	0	0	0
L3253	0	0	0	0	0	0	32	23	23	25	26	22
L3440	0	0	0	0	0	0	27	45	43	82	47	32
L3917	0	0	0	0	0	0	217	227	210	191	190	164
L5966	0	0	0	0	0	0	17	10	7	9	12	7
L6805	0	0	0	0	0	0	2	4	3	2	5	2
A6239	2	3	2	6	2	5	5	3	1	0	3	0
L5668	0	0	0	0	0	0	1778	1770	1510	1790	1735	1699
L7181	0	0	0	0	0	0	3	3	7	3	7	3
L5624	0	0	0	0	0	0	3181	3248	2980	3340	3230	3425
L6692	0	0	0	0	0	0	30	27	25	40	22	24
B4154	75205	70770	64274	61462	61664	57726	56095	52893	53271	50924	50514	47402
L3649	0	0	0	0	0	0	561	458	409	430	375	357
L6450	0	0	0	0	0	0	2	1	0	0	1	0
A4358	58813	58497	58861	58746	57521	57802	57143	55389	54098	53569	53612	52062
L3671	0	0	0	0	0	0	119	122	171	112	105	124
E0372	0	0	0	359	285	278	375	508	752	779	705	624
E2211	0	0	0	1762	1652	1590	1769	1869	1927	1879	2027	1870
A6212	57257	51710	47433	0	0	0	0	0	0	0	0	0
L5580	0	0	0	0	0	0	125	117	102	97	90	94
E2621	0	0	0	105	89	59	132	150	115	154	161	150
L3450	0	0	0	0	0	0	58	76	66	88	129	90
L6895	0	0	0	0	0	0	55	37	41	50	31	56
L6010	0	3	3	2	3	0	3	1	4	2	2	3
L5634	0	0	0	0	0	0	40	42	44	42	36	28
L3360	0	0	0	0	0	0	91	102	91	100	91	115
L8041	0	0	0	0	0	0	10	5	6	6	9	9
E2391	0	0	0	1462	1315	1103	1305	1146	925	1132	1237	964
E2602	0	0	0	1359	1368	1420	1268	1341	1360	1437	1431	1326
L3252	0	0	0	0	0	0	35	50	38	62	42	35
L1660	0	0	0	0	0	0	5	1	4	2	1	3
L8600	0	0	0	0	0	0	0	0	0	1	0	0
L5976	0	0	0	0	0	0	266	259	230	258	241	222
L1945	0	0	0	0	0	0	333	310	302	305	373	362
L6682	0	0	0	0	0	0	45	61	34	60	47	47
L5280	0	0	0	0	0	0	0	0	1	1	0	0
L4397	0	0	0	0	0	0	0	2	538	1188	2018	2199
L3999	0	0	0	0	0	0	476	487	537	641	566	508
L5678	0	0	0	0	0	0	58	76	77	85	68	58
L5600	0	0	0	0	0	0	3	2	6	8	2	3
E0665	28	31	21	21	25	35	24	21	28	29	17	25
L2640	0	0	0	0	0	0	34	17	14	19	12	17
L0112	0	0	0	0	0	0	4	2	7	6	1	2
Q4045	3	1	0	1	0	0	0	0	0	5	0	0
E0950	0	0	0	1288	1233	1282	1187	1179	1236	1134	1153	1091
L3984	0	0	0	0	0	0	1570	1535	1856	1810	1871	1819
L0484	0	0	0	0	0	0	78	58	59	56	50	62
L5301	4928	5318	5133	4860	4151	4644	4717	4915	4174	5020	5064	5040
A6231	5079	4801	4376	3999	4078	4383	4838	4293	4522	4353	3722	3173
L5987	0	0	0	0	0	0	968	955	812	1050	1029	1067
L8320	0	0	0	0	0	0	3	2	4	5	4	2
L5848	0	0	0	0	0	0	475	515	419	518	463	535
Q4009	1	1	2	0	0	1	1	0	0	0	0	0
L3050	0	0	0	0	0	0	504	449	408	393	469	385
E0935	51817	47466	44929	24450	25086	22082	21780	23851	23709	21462	20601	20039
L8512	0	0	0	0	0	0	12	15	17	14	16	19
E0672	21	28	21	26	34	22	28	14	19	13	8	9
E0602	1	0	0	0	1	2	5	4	4	2	0	4
A6233	15	22	18	21	20	143	73	26	18	16	17	25
L6025	1	1	0	2	3	0	5	4	4	6	1	1
L5060	0	0	0	0	0	0	1	1	0	2	1	0
L5828	0	0	0	0	0	0	524	587	501	613	542	597
A6232	39	50	58	56	42	46	52	62	68	89	51	53
L3766	0	0	0	0	0	0	75	93	74	81	81	98
L6120	0	0	0	0	0	0	0	4	5	0	3	3
E2396	0	0	0	930	786	847	869	757	928	1089	992	888
A6204	482	391	455	387	491	529	459	395	430	388	428	438
E1016	0	0	0	276	251	158	161	192	175	179	201	188
L5540	0	0	0	0	0	0	692	749	697	773	711	750
L3921	0	0	0	0	0	0	221	232	295	274	197	198
L0976	0	0	0	0	0	0	263	272	279	261	237	223
Q4050	32	12	6	4	4	4	11	0	0	4	6	10
E0464	4735	5595	6605	7712	9352	11083	13606	17632	22432	27410	33773	41998
A6538	5	12	3	6	10	13	8	7	4	9	6	3
Q4037	7	8	10	3	3	2	0	0	0	0	0	0
A4407	38679	40328	40804	42473	38774	40209	41504	42044	39189	40161	40706	41254
E2608	0	0	0	277	226	250	250	264	237	242	235	220
L2785	0	0	0	0	0	0	221	214	208	237	201	226
L5962	0	0	0	0	0	0	3211	2681	2186	2681	2668	2594
L1940	0	0	0	0	0	0	7530	7533	6605	7488	7581	7610
L2350	0	0	0	0	0	0	228	221	198	211	205	179
L6020	3	1	2	0	3	0	0	3	2	1	11	3
E0371	0	0	0	361	369	321	294	239	281	373	428	526
A6214	214	220	282	327	348	408	432	435	503	482	440	572
L3675	0	0	0	0	0	0	517	468	657	541	431	492
L3520	0	0	0	0	0	0	13	13	14	10	11	7
A7028	0	0	0	2743	2763	2829	2652	2769	2750	2713	2824	2766
A7520	0	0	0	0	0	0	6659	6528	6634	6347	6330	6218
L1010	0	0	0	0	0	0	23	13	16	16	13	13
K0195	357166	347546	329427	308156	299335	281829	266784	242255	236052	226095	224282	217757
K0802	0	0	0	22	24	18	12	16	12	8	12	7
L1901	0	0	0	0	0	0	0	1	0	0	0	0
L0462	0	0	0	0	0	0	116	84	85	103	112	106
L6686	0	0	0	0	0	0	32	34	29	55	37	45
L5703	0	0	0	0	0	0	8	6	8	3	10	11
L1832	16844	20873	23246	23829	24548	28128	29008	31600	18291	17357	15642	13536
L6000	3	11	7	4	1	6	3	5	3	3	6	6
L6641	0	0	0	0	0	0	84	78	102	89	108	77
L5665	0	0	0	0	0	0	246	276	233	251	239	223
L2134	0	0	0	0	0	0	3	2	6	3	2	9
L2520	0	0	0	0	0	0	4	3	4	4	13	6
L3330	0	0	0	0	0	0	10	6	5	3	6	5
E0443	205696	200463	197430	189162	191611	191790	196956	192747	183241	172881	170048	157245
A4406	48231	48748	48581	50007	45236	45850	46321	46265	42235	42065	42426	42457
L3334	0	0	0	0	0	0	308	335	258	322	304	264
L5150	0	0	0	0	0	0	5	6	5	0	1	2
E2375	2761	3429	3661	0	0	0	0	0	0	0	0	0
L5530	0	0	0	0	0	0	285	296	254	273	289	245
L0492	0	0	0	0	0	0	3	8	7	3	4	8
L5672	0	0	0	0	0	0	22	20	16	12	22	14
E2208	0	0	0	6020	5327	4640	3939	3499	3110	3301	3288	2850
T4528	1	2	1	1	3	1	2	2	10	3	2	4
L5430	0	0	0	0	0	0	1	0	0	0	1	1
A4258	583187	586441	551716	0	0	0	0	0	0	0	0	0
E0141	0	0	0	1406	1491	1543	1125	944	864	985	965	861
L2330	0	0	0	0	0	0	6458	6588	5799	6638	6671	6917
L0460	0	0	0	0	0	0	530	455	469	479	421	422
E0148	0	0	0	1024	1017	895	810	840	782	769	702	642
A6258	3150	3250	3388	3343	3334	3404	3514	3390	3118	3149	3303	3240
L3550	0	0	0	0	0	0	35	46	23	35	42	35
L5858	0	0	0	0	0	0	49	63	48	69	58	50
L6721	25	30	24	32	15	32	30	42	25	25	23	33
L0972	0	0	0	0	0	0	372	341	424	299	257	205
L5640	0	0	0	0	0	0	8	6	2	7	7	2
L6691	0	0	0	0	0	0	20	16	10	14	16	14
L6925	0	0	0	0	0	0	8	4	1	4	4	7
L6950	0	0	0	0	0	0	2	2	2	3	1	3
L3710	254	265	244	237	295	298	356	298	330	345	390	479
A4311	4198	3881	3483	3523	3389	3156	3352	3286	2994	2894	2904	2934
E0675	1863	1932	2016	6671	9130	9560	4563	4216	4829	5983	6355	5543
E0669	477	505	288	318	530	282	274	259	309	395	470	536
L3370	0	0	0	0	0	0	96	111	66	84	83	60
L8505	0	0	0	0	0	0	88	77	50	57	73	71
A4310	16494	16418	16451	16468	16083	16407	16333	15769	15841	15662	16163	16057
L3807	21310	22462	22633	23740	24061	25582	25028	24246	20634	18585	16996	15366
L1230	0	0	0	0	0	0	0	0	1	0	1	0
A6234	7056	6960	7020	6822	6839	6847	7081	6634	6683	6601	6743	6186
A4385	34109	35907	36977	39217	37175	39117	41237	42458	40423	41266	41891	42597
L6677	0	0	0	0	0	0	4	3	6	4	1	7
A4414	57691	58564	57958	58961	53710	54216	54312	54125	49936	50341	50393	50142
E0292	0	0	0	63	72	87	78	71	67	51	61	83
L2020	0	0	0	0	0	0	294	255	215	251	214	229
L7400	0	0	0	0	0	0	114	119	93	89	97	111
L8624	0	0	0	0	0	0	0	0	2	0	4	0
L2580	0	0	0	0	0	0	1	0	1	1	0	3
K0825	32216	32120	30402	27120	24270	20460	15283	9776	9728	9756	10009	10460
K0005	2495	2488	2338	0	0	0	0	0	0	0	0	0
L6706	52	62	52	56	37	39	51	47	45	48	36	39
L0634	0	0	0	0	0	0	9	11	6	8	10	5
L3160	0	0	0	0	0	0	7	0	2	5	3	5
K0015	0	0	0	931	855	783	970	804	720	765	764	542
A4554	17456	18391	17651	16974	16274	17260	17786	16851	16196	14542	15700	16486
L6707	3	3	6	5	2	3	6	5	3	5	1	6
L2250	0	0	0	0	0	0	897	699	636	710	653	643
L5706	0	0	0	0	0	0	12	24	15	18	24	13
L5637	0	0	0	0	0	0	8955	9204	8015	9552	9500	9358
L2034	0	0	0	0	0	0	13	14	11	15	10	8
L1900	0	0	0	0	0	0	36	21	41	34	33	42
L1810	13480	15439	14661	13804	12629	14295	14269	14121	12065	12569	12158	10750
L4050	0	0	0	0	0	0	13	7	9	4	7	12
L5964	0	0	0	0	0	0	624	551	461	497	528	522
E0147	0	0	0	981	906	1027	889	815	711	792	804	866
E0671	124	128	109	108	93	109	77	58	58	152	105	124
L3254	0	0	0	0	0	0	246	242	140	226	199	210
L8410	0	0	0	0	0	0	364	362	326	371	388	408
L7368	0	0	0	0	0	0	362	372	241	222	227	241
L8499	0	0	0	0	0	0	421	436	298	318	360	364
L7510	0	0	0	0	0	0	1516	1339	1169	1476	1411	1325
T4536	0	0	1	2	0	1	0	0	5	4	1	0
A6446	29070	27683	26865	0	0	0	0	0	0	0	0	0
A4510	386	602	404	233	413	426	353	406	309	475	536	290
L3960	0	0	0	0	0	0	2328	2571	2821	2789	3139	3211
L1610	0	0	0	0	0	0	8	17	20	10	7	8
L8612	0	0	0	0	0	0	0	0	1	0	0	0
A7038	493417	516138	481990	505467	499616	530279	502265	550810	539514	578689	621376	656325
L3500	0	0	0	0	0	0	11	5	13	15	5	8
L8480	0	0	0	0	0	0	1480	1571	1376	1600	1555	1674
L5812	0	0	0	0	0	0	731	782	742	746	759	819
A6535	78	83	88	77	82	76	86	86	75	76	71	78
A6205	0	4	10	5	8	10	4	9	7	5	8	5
B4035	180573	171576	156653	150369	153953	146882	150873	145485	149095	142712	140864	134782
E0657	81	13	23	12	14	21	6	9	7	19	11	24
L2184	0	0	0	0	0	0	7	9	12	4	9	15
L5671	0	0	0	0	0	0	7856	8059	7147	8453	8359	8297
L5688	0	0	0	0	0	0	79	79	73	72	80	84
L6665	0	0	0	0	0	0	49	51	49	54	50	49
K0052	0	0	0	2652	3048	2774	3080	2874	3025	4129	4710	3699
A6252	11612	11883	12276	0	0	0	0	0	0	0	0	0
A6223	4179	4438	4587	4475	4397	4515	4858	4885	4833	4806	5347	5027
L5410	0	0	0	0	0	0	29	19	22	23	22	16
L5100	0	0	0	0	0	0	62	58	74	52	58	49
L5816	0	0	0	0	0	0	26	25	30	39	36	25
L5974	0	0	0	0	0	0	444	430	416	422	397	372
L3100	0	0	0	0	0	0	685	728	891	794	597	715
L8020	0	0	0	0	0	0	6496	6822	4110	6282	5768	6083
A4419	19035	19597	19698	20337	19019	19394	19851	20042	19201	19515	19797	19906
E0373	0	0	0	135	91	85	103	121	184	256	336	443
L2397	0	0	0	0	0	0	7098	10849	12166	15179	18643	21878
L0452	0	0	0	0	0	0	2	2	0	1	3	1
Q4040	1	0	0	0	0	0	0	0	0	0	0	0
L0648	0	0	0	0	0	0	2	7	11961	15656	19995	22436
L6645	0	0	0	0	0	0	5	3	2	3	2	7
E0181	58066	55703	54085	0	0	0	0	0	0	0	0	0
E1161	2300	2638	2469	0	0	0	0	0	0	0	0	0
L0472	0	0	0	0	0	0	1467	1411	1430	1579	1414	1221
L2275	0	0	0	0	0	0	9657	9511	7984	9140	9709	9382
L5702	0	0	0	0	0	0	13	13	11	14	19	8
L5520	0	0	0	0	0	0	10	10	4	1	4	2
A9276	2127	2161	2330	2509	2466	2592	2837	3179	2889	3454	3434	3244
T4537	0	0	0	2	3	1	0	1	2	4	3	4
L0491	0	0	0	0	0	0	23	16	10	27	21	9
L3978	0	0	0	0	0	0	0	1	2	0	1	1
L2840	0	0	0	0	0	0	625	613	634	697	573	633
L5661	0	0	0	0	0	0	29	32	17	34	19	30
L6646	0	0	0	0	0	0	4	2	3	6	6	2
L0632	0	0	0	0	0	0	1	3	2	7	3	3
A7030	201999	205941	202490	211456	211470	220045	208338	225040	220635	237187	252106	263618
A4362	4237	5069	7388	9388	12484	16440	17416	17736	17015	19565	20289	20940
A6534	883	909	905	995	778	952	945	904	701	851	818	935
L3430	0	0	0	0	0	0	80	84	64	80	130	88
A7036	0	0	0	38111	38050	39082	37609	40022	37752	38992	40548	40620
L3924	0	0	0	0	0	0	0	1	920	1743	2401	2942
L3460	0	0	0	0	0	0	77	66	71	89	86	83
L8641	0	0	0	0	0	0	0	0	4	0	0	0
L0830	0	0	0	0	0	0	1	1	2	1	0	3
A4629	16672	16535	16223	0	0	0	16171	16281	16558	16440	16580	16738
L2038	0	0	0	0	0	0	13	8	10	11	6	5
Q4030	1	4	5	0	0	1	0	0	0	0	0	0
Q4035	0	1	0	0	0	0	0	0	0	0	0	0
L3530	0	0	0	0	0	0	36	41	39	24	41	29
L3320	0	0	0	0	0	0	76	91	59	101	92	80
L5696	0	0	0	0	0	0	57	42	45	38	46	40
L1833	0	0	0	0	0	0	0	0	17363	21775	28351	32805
L4394	0	0	0	0	0	0	14	14	10	8	9	8
L6930	0	0	0	0	0	0	2	1	2	0	3	0
L1110	0	0	0	0	0	0	0	0	1	0	0	0
L2000	0	0	0	0	0	0	10	10	6	9	13	4
T4524	3	2	3	1	0	0	0	0	10	3	2	2
S9343	2	0	1	2	0	0	0	0	0	0	0	0
E2364	0	0	0	13	28	24	24	58	58	33	46	68
L5845	0	0	0	0	0	0	1515	1659	1486	1673	1539	1683
L4055	0	0	0	0	0	0	13	17	10	13	15	12
L0622	0	0	0	0	0	0	27	14	10	24	13	16
E0730	74804	76613	63459	0	0	0	0	0	0	0	0	0
B4103	81	68	66	68	79	86	54	56	66	67	79	70
L2768	0	0	0	0	0	0	38	47	22	41	42	55
L3916	0	0	0	0	0	0	0	0	17	17	27	18
A6256	1	1	3	0	0	1	2	6	3	5	4	9
K0739	77407	82159	81941	0	0	0	0	0	0	0	0	0
K0004	176635	170357	166020	160558	159760	153718	144701	129815	114240	94551	78824	67619
T4534	0	0	0	0	0	0	1	0	0	0	0	0
L0628	0	0	0	0	0	0	1310	1172	950	1084	1121	1040
L3217	0	0	0	0	0	0	78	112	86	116	126	190
L3455	0	0	0	0	0	0	6	1	5	3	7	5
L2190	0	0	0	0	0	0	4	4	3	3	3	1
T4521	0	0	1	0	0	0	1	0	0	2	3	1
A4389	4711	4936	5028	5235	4801	5119	5272	5394	4971	5121	5331	5266
E2605	0	0	0	1230	1000	919	875	873	727	846	783	741
A6207	904	962	1070	997	1047	1160	1348	1428	1315	1584	1631	1550
L1815	0	0	0	0	0	0	1	0	1	0	0	0
L0999	0	0	0	0	0	0	104	73	77	72	119	110
L6945	0	0	0	0	0	0	0	2	2	2	2	2
L3808	0	0	0	0	0	0	5306	5460	6409	5916	5410	5600
L2370	0	0	0	0	0	0	61	71	37	57	54	44
L4392	0	0	0	0	0	0	36	35	35	32	35	35
K0006	29294	28742	28003	27150	27642	27258	26506	24965	24136	22571	22526	22231
L3980	0	0	0	0	0	0	1142	1163	1273	1141	1187	1209
L5626	0	0	0	0	0	0	47	47	49	49	35	45
L6712	0	0	0	0	0	0	0	1	0	1	0	0
