PROCEDURE_CODE	Q12012	Q22012	Q32012	Q42012	Q12013	Q22013	Q32013	Q42013	Q12014	Q22014	Q32014	Q42014
L3465	0	0	0	0	0	0	8	8	12	13	7	3
L6620	0	0	0	0	0	0	12	16	16	21	17	10
L0454	0	0	0	0	0	0	110	117	97	99	85	71
L1755	0	0	0	0	0	0	0	0	0	1	0	0
L0636	0	0	0	0	0	0	86	90	38	45	31	31
L3923	8446	8584	7953	8233	8721	9181	8444	8238	8573	7847	6677	6330
L6320	0	0	0	0	0	0	1	0	1	1	0	0
L0624	0	0	0	0	0	0	3	1	3	6	3	1
L6689	0	0	0	0	0	0	4	4	5	9	6	4
L8510	0	0	0	0	0	0	15	18	10	17	11	6
L6605	0	0	0	0	0	0	4	7	9	6	3	5
L1920	0	0	0	0	0	0	49	48	35	52	35	33
L2570	0	0	0	0	0	0	9	5	8	10	7	5
L6640	0	0	0	0	0	0	0	0	0	5	1	0
L5711	0	0	0	0	0	0	6	5	5	5	3	4
L8680	0	0	0	0	0	0	4	2	20	54	3	2
Q4014	4	4	1	1	0	0	0	0	0	3	0	0
L8615	0	0	0	0	0	0	0	0	1	0	0	0
A6245	31	38	64	81	106	104	147	130	94	111	92	60
L6100	0	0	0	0	0	0	36	42	47	32	36	26
L1620	0	0	0	0	0	0	3	2	0	5	2	1
L5642	0	0	0	0	0	0	2	1	2	0	1	0
E2371	0	0	0	22	14	17	13	7	13	9	12	5
L3810	0	0	0	0	0	0	0	0	2	0	0	0
Q4010	44	61	9	1	1	3	5	3	9	9	11	1
T4541	1	5	5	4	9	4	5	5	19	29	17	9
L5790	0	0	0	0	0	0	80	76	73	80	62	58
L3967	0	0	0	0	0	0	0	1	0	4	1	1
L6638	0	0	0	0	0	0	3	4	5	8	4	4
L7261	0	0	0	0	0	0	19	14	13	20	14	5
L8043	0	0	0	0	0	0	2	5	2	1	2	0
L4100	0	0	0	0	0	0	45	54	40	72	45	41
L5250	0	0	0	0	0	0	3	6	3	5	0	4
L3674	0	0	0	0	0	0	16	13	12	3	7	3
L1650	0	0	0	0	0	0	4	5	11	6	2	8
L6690	0	0	0	0	0	0	3	4	7	7	3	5
E0656	216	31	23	28	32	41	20	21	18	18	13	9
L5782	0	0	0	0	0	0	44	31	33	55	36	34
L4040	0	0	0	0	0	0	1	4	5	6	3	1
E0660	69	74	72	73	94	62	64	37	37	40	35	25
L0467	0	0	0	0	0	0	0	0	2	7	4	3
L7402	0	0	0	0	0	0	5	8	10	13	9	9
L8621	0	0	0	0	0	0	1	0	1	1	1	0
L3740	0	0	0	0	0	0	69	66	74	90	65	60
L5420	0	0	0	0	0	0	1	3	5	5	0	3
L8044	0	0	0	0	0	0	4	5	6	8	2	3
A6246	12	21	10	7	11	6	2	5	28	16	8	8
L3510	73	92	88	95	81	82	79	65	68	67	47	58
L6550	0	0	0	0	0	0	1	3	2	2	1	2
L0130	0	0	0	0	0	0	50	31	39	46	29	35
L6616	0	0	0	0	0	0	25	35	39	40	27	23
L5710	0	0	0	0	0	0	4	6	5	6	4	2
L3640	0	0	0	0	0	0	1	0	5	0	0	2
A6208	23	26	21	33	31	24	29	28	15	6	5	9
K0814	0	0	0	1383	1288	1127	1012	867	696	544	380	203
B4104	76	51	32	39	48	65	78	56	74	70	58	48
L8465	0	0	0	0	0	0	44	57	54	80	50	56
L5160	0	0	0	0	0	0	3	5	3	3	3	1
L1630	0	0	0	0	0	0	3	1	1	1	0	0
L2188	0	0	0	0	0	0	2	4	3	3	1	3
L2310	0	0	0	0	0	0	10	9	11	8	3	6
L8616	0	0	0	0	0	0	0	0	1	0	0	0
L7900	0	0	0	0	0	0	14371	14030	13334	14798	8961	5303
L8415	0	0	0	0	0	0	14	16	14	18	6	14
L1120	0	0	0	0	0	0	10	5	9	6	5	6
L3140	0	0	0	0	0	0	0	2	2	3	0	0
L2770	0	0	0	0	0	0	0	1	2	0	0	1
L8045	0	0	0	0	0	0	9	16	15	10	14	5
L8485	0	0	0	0	0	0	69	78	59	58	44	46
L3973	0	0	0	0	0	0	4	5	4	7	3	2
L3730	0	0	0	0	0	0	83	86	96	80	55	60
L6632	0	0	0	0	0	0	18	12	15	19	10	15
L6684	0	0	0	0	0	0	9	10	14	17	10	11
L5510	0	0	0	0	0	0	2	5	1	3	1	0
L2627	0	0	0	0	0	0	4	5	6	7	5	3
L6711	0	0	0	0	0	0	2	5	4	0	1	1
L5686	0	0	0	0	0	0	29	38	30	42	24	30
E2360	0	0	0	9	14	19	11	10	14	23	8	2
L6580	0	0	0	0	0	0	2	2	4	1	2	2
L5726	0	0	0	0	0	0	1	0	1	0	0	0
L0978	0	0	0	0	0	0	2	2	4	4	1	3
L2010	0	0	0	0	0	0	7	3	7	5	4	2
L0810	0	0	0	0	0	0	4	7	5	7	3	3
A4490	31	55	60	62	100	80	39	77	45	29	41	17
L1848	0	0	0	0	0	0	0	0	6	21	3	5
L0190	0	0	0	0	0	0	48	41	48	60	40	29
L1640	0	0	0	0	0	0	5	0	7	2	3	1
E0433	0	0	0	118	137	84	58	42	40	34	23	22
L1100	0	0	0	0	0	0	0	0	1	0	0	0
L5859	0	0	0	0	0	0	9	7	4	6	2	0
Q4038	101	173	71	4	9	7	1	4	8	14	10	3
L8619	0	0	0	0	0	0	0	0	1	0	0	0
L0974	0	0	0	0	0	0	16	16	21	9	13	10
E0316	0	0	0	20	20	16	16	18	10	16	6	4
L5728	0	0	0	0	0	0	6	4	2	6	1	0
L5857	0	0	0	0	0	0	4	4	6	10	4	3
L0637	19826	21875	22813	23722	24355	25806	25440	24527	18774	17384	15480	13196
L3929	0	0	0	0	0	0	473	425	586	512	448	430
L1090	0	0	0	0	0	0	0	1	1	1	0	1
T4543	0	0	0	0	0	1	1	0	0	1	0	0
A4590	82	101	61	13	15	8	12	6	15	12	7	11
L3678	0	0	0	0	0	0	0	0	4	12	4	2
T4523	2	0	1	0	0	1	0	1	18	10	8	6
Q4006	6	12	0	1	0	0	0	0	0	2	0	0
L6713	0	0	0	0	0	0	0	0	1	2	1	0
L6650	0	0	0	0	0	0	2	6	5	3	1	1
L2080	0	0	0	0	0	0	1	5	3	4	2	2
L0700	0	0	0	0	0	0	3	4	5	8	2	8
L3800	0	0	0	0	0	0	0	0	1	0	0	0
K0851	85	84	80	80	61	55	29	20	26	34	19	20
L1030	0	0	0	0	0	0	8	5	11	8	3	4
K0828	0	0	0	22	19	12	9	4	6	4	2	3
L8691	0	0	0	0	0	0	0	0	0	2	0	0
L3956	0	0	0	0	0	0	6	4	12	13	7	7
L6370	0	0	0	0	0	0	3	1	2	8	1	3
L3901	0	0	0	0	0	0	20	13	18	7	11	7
E0676	551	3537	4716	3250	2996	3295	4436	4832	4893	4476	4141	3136
L6703	26	22	20	25	18	20	30	15	23	28	8	18
Q4046	17	8	0	0	1	0	0	0	2	0	0	0
L1680	0	0	0	0	0	0	13	16	12	18	8	11
L4080	0	0	0	0	0	0	11	15	16	11	10	9
L3971	0	0	0	0	0	0	3	4	3	5	6	0
L0859	0	0	0	0	0	0	57	46	48	77	43	54
L5400	0	0	0	0	0	0	17	16	13	13	10	9
L6637	0	0	0	0	0	0	3	4	1	7	3	3
L2610	0	0	0	0	0	0	17	12	7	15	11	6
L7902	0	0	0	0	0	0	7	5	10	6	6	0
L6055	0	0	0	0	0	0	5	3	3	1	1	1
L1025	0	0	0	0	0	0	0	1	1	8	4	0
L2116	0	0	0	0	0	0	710	638	706	605	496	545
Q4005	0	0	0	0	0	0	0	0	0	2	1	0
A4495	285	273	217	283	437	418	507	633	681	660	517	228
L6709	2	6	1	5	1	5	2	4	2	5	1	4
L6970	0	0	0	0	0	0	0	0	2	0	0	0
E1031	0	0	0	16164	15569	14759	13608	11899	10297	8812	7744	7049
L6205	0	0	0	0	0	0	1	1	0	1	0	0
L3340	0	0	0	0	0	0	74	93	65	55	30	29
A6244	11	9	8	5	3	7	5	3	10	14	9	6
L5639	0	0	0	0	0	0	2	2	2	1	0	0
L5595	0	0	0	0	0	0	0	0	1	1	0	0
L5500	0	0	0	0	0	0	7	1	16	6	6	10
L3150	0	0	0	0	0	0	0	0	0	1	0	0
L3720	0	0	0	0	0	0	88	87	96	69	49	60
L6310	0	0	0	0	0	0	0	0	0	1	0	0
L6500	0	0	0	0	0	0	6	6	4	9	3	5
L7366	0	0	0	0	0	0	10	5	4	14	9	3
A6544	4	3	2	2	7	1	1	2	3	4	3	2
Q4051	78	62	13	2	6	4	1	4	14	4	3	6
L3701	0	0	0	0	0	0	0	0	1	0	0	0
E2204	0	0	0	139	148	185	217	286	358	233	209	113
L1085	0	0	0	0	0	0	0	0	1	0	0	0
K0813	0	0	0	130	106	88	70	45	45	42	25	28
L5616	0	0	0	0	0	0	16	10	14	17	9	11
E0310	0	0	0	1636	2091	1784	1993	1998	1873	1445	1436	1113
L3209	0	0	0	0	0	0	0	0	1	4	3	1
L5570	0	0	0	0	0	0	2	2	3	4	3	2
L0631	36508	38179	41384	43780	35237	36990	33942	32105	16416	13260	11271	9351
L2050	0	0	0	0	0	0	1	1	2	2	1	2
T4527	1	17	1	4	5	9	5	0	17	9	7	5
A6255	109	123	121	128	120	102	120	208	152	132	115	95
L5610	0	0	0	0	0	0	0	2	3	2	2	2
L6610	0	0	0	0	0	0	3	4	1	5	0	0
L0651	0	0	0	0	0	0	0	0	47	58	28	39
L6600	0	0	0	0	0	0	5	4	5	2	1	2
T4535	0	20	6	4	3	1	0	0	16	12	5	5
L5724	0	0	0	0	0	0	0	0	2	1	2	0
L0466	0	0	0	0	0	0	22	15	15	24	15	10
L2600	0	0	0	0	0	0	11	14	6	7	5	5
L3970	0	0	0	0	0	0	0	0	1	0	0	0
L3201	0	0	0	0	0	0	2	2	5	3	0	1
L0635	0	0	0	0	0	0	22	17	24	34	17	19
L0220	0	0	0	0	0	0	246	244	239	235	188	117
L5692	0	0	0	0	0	0	45	37	43	50	34	33
L3977	0	0	0	0	0	0	1	0	2	1	1	0
T4526	0	0	0	3	6	8	4	3	19	4	3	3
L2070	0	0	0	0	0	0	5	2	5	4	3	1
L1000	0	0	0	0	0	0	1	0	1	0	0	0
L3440	0	0	0	0	0	0	27	45	43	82	47	32
L6692	0	0	0	0	0	0	30	27	25	40	22	24
L5634	0	0	0	0	0	0	40	42	44	42	36	28
L3252	0	0	0	0	0	0	35	50	38	62	42	35
L1660	0	0	0	0	0	0	5	1	4	2	1	3
L8600	0	0	0	0	0	0	0	0	0	1	0	0
L5280	0	0	0	0	0	0	0	0	1	1	0	0
L5678	0	0	0	0	0	0	58	76	77	85	68	58
L5600	0	0	0	0	0	0	3	2	6	8	2	3
E0665	28	31	21	21	25	35	24	21	28	29	17	25
L0112	0	0	0	0	0	0	4	2	7	6	1	2
Q4045	3	1	0	1	0	0	0	0	0	5	0	0
A6231	5079	4801	4376	3999	4078	4383	4838	4293	4522	4353	3722	3173
L8320	0	0	0	0	0	0	3	2	4	5	4	2
E0672	21	28	21	26	34	22	28	14	19	13	8	9
E0602	1	0	0	0	1	2	5	4	4	2	0	4
L6025	1	1	0	2	3	0	5	4	4	6	1	1
L5060	0	0	0	0	0	0	1	1	0	2	1	0
A6232	39	50	58	56	42	46	52	62	68	89	51	53
L3921	0	0	0	0	0	0	221	232	295	274	197	198
A6538	5	12	3	6	10	13	8	7	4	9	6	3
L3675	0	0	0	0	0	0	517	468	657	541	431	492
L3520	0	0	0	0	0	0	13	13	14	10	11	7
L5150	0	0	0	0	0	0	5	6	5	0	1	2
T4528	1	2	1	1	3	1	2	2	10	3	2	4
L0972	0	0	0	0	0	0	372	341	424	299	257	205
L6950	0	0	0	0	0	0	2	2	2	3	1	3
L6677	0	0	0	0	0	0	4	3	6	4	1	7
L2034	0	0	0	0	0	0	13	14	11	15	10	8
T4536	0	0	1	2	0	1	0	0	5	4	1	0
L1610	0	0	0	0	0	0	8	17	20	10	7	8
L8612	0	0	0	0	0	0	0	0	1	0	0	0
L3500	0	0	0	0	0	0	11	5	13	15	5	8
L3100	0	0	0	0	0	0	685	728	891	794	597	715
L0632	0	0	0	0	0	0	1	3	2	7	3	3
L8641	0	0	0	0	0	0	0	0	4	0	0	0
L2038	0	0	0	0	0	0	13	8	10	11	6	5
L1110	0	0	0	0	0	0	0	0	1	0	0	0
T4524	3	2	3	1	0	0	0	0	10	3	2	2
K0004	176635	170357	166020	160558	159760	153718	144701	129815	114240	94551	78824	67619
L2190	0	0	0	0	0	0	4	4	3	3	3	1
L1815	0	0	0	0	0	0	1	0	1	0	0	0
L6712	0	0	0	0	0	0	0	1	0	1	0	0
