PROCEDURE_CODE	Q12012	Q12013	Q12014	Q12015	Q12016	Q22012	Q22013	Q22014	Q22015	Q22016	Q32012	Q32013	Q32014	Q32015	Q32016	Q42012	Q42013	Q42014	Q42015	Q42016
95800	0	0	0	0	0	0	0	0	0	0	0	1	0	0	0	1	0	0	0	0
95806	0	1	1	0	0	1	0	0	1	0	1	14	1	0	0	1	14	1	0	0
A4253	3415047	0	0	0	0	3400337	0	0	0	0	3349524	0	0	0	0	0	0	0	0	0
A4256	1115736	0	0	0	0	1113214	0	0	0	0	1098443	0	0	0	0	0	0	0	0	0
A4258	583187	0	0	0	0	586441	0	0	0	0	551716	0	0	0	0	0	0	0	0	0
A4259	1993005	0	0	0	0	1961657	0	0	0	0	1932340	0	0	0	0	0	0	0	0	0
A4310	16494	16083	15841	15929	0	16418	16407	15662	15577	0	16451	16333	16163	0	0	16468	15769	16057	0	0
A4311	4198	3389	2994	2982	0	3881	3156	2894	3124	0	3483	3352	2904	0	0	3523	3286	2934	0	0
A4314	38023	33401	31743	28788	0	37626	33527	30823	28515	0	36658	33438	30312	0	0	35953	32553	29949	0	0
A4320	4356	4107	4077	3347	0	4143	4112	3530	3274	0	4136	4506	3592	0	0	3941	4235	3358	0	0
A4323	0	1	0	0	0	0	0	0	0	0	0	0	0	0	0	0	0	0	0	0
A4324	0	0	0	0	0	0	0	0	0	0	0	0	0	0	0	0	2	0	0	0
A4326	1367	1867	2072	2376	0	1381	1815	2266	2235	0	1558	1902	2198	0	0	1684	2083	2453	0	0
A4338	24497	23743	23146	22052	0	23884	24071	22956	21852	0	24332	23925	23122	0	0	24002	23132	22620	0	0
A4340	3772	3806	3401	3538	0	3827	3768	3575	3702	0	3817	3690	3634	0	0	3831	3519	3576	0	0
A4344	5900	6264	5662	5559	0	6046	6112	5782	5286	0	6124	6152	5796	0	0	6255	5835	5725	0	0
A4349	30044	29192	27341	25625	0	30090	28603	26937	25429	0	29833	28630	26739	0	0	29873	28136	26185	0	0
A4351	99177	107602	110500	117209	0	102453	109466	112776	120328	0	106092	113354	117840	0	0	108263	111704	120027	0	0
A4352	21361	24517	27110	30700	0	21922	25654	28435	32104	0	23319	27015	29907	0	0	24381	27001	30888	0	0
A4353	17389	18413	18421	18198	0	17635	18845	18311	18477	0	18317	19270	18558	0	0	18451	18658	18372	0	0
A4354	1497	1705	1502	1332	0	1573	1788	1571	1381	0	1601	1639	1543	0	0	1678	1629	1506	0	0
A4357	103344	101187	100252	97927	0	103593	101968	100442	98305	0	103498	103315	101335	0	0	105019	102281	101431	0	0
A4358	58813	57521	54098	51324	0	58497	57802	53569	51269	0	58861	57143	53612	0	0	58746	55389	52062	0	0
A4362	4237	12484	17015	19214	0	5069	16440	19565	19587	0	7388	17416	20289	0	0	9388	17736	20940	0	0
A4385	34109	37175	40423	40837	0	35907	39117	41266	42004	0	36977	41237	41891	0	0	39217	42458	42597	0	0
A4389	4711	4801	4971	4858	0	4936	5119	5121	5076	0	5028	5272	5331	0	0	5235	5394	5266	0	0
A4406	48231	45236	42235	39348	0	48748	45850	42065	39894	0	48581	46321	42426	0	0	50007	46265	42457	0	0
A4407	38679	38774	39189	38614	0	40328	40209	40161	39634	0	40804	41504	40706	0	0	42473	42044	41254	0	0
A4409	36541	38180	39764	39494	0	37929	39962	41104	40465	0	39376	41432	41500	0	0	41110	42228	41666	0	0
A4414	57691	53710	49936	46496	0	58564	54216	50341	47201	0	57958	54312	50393	0	0	58961	54125	50142	0	0
A4419	19035	19019	19201	18927	0	19597	19394	19515	19085	0	19698	19851	19797	0	0	20337	20042	19906	0	0
A4424	6770	6877	7334	7715	0	6807	7228	7755	8066	0	7141	7634	8076	0	0	7391	7754	8138	0	0
A4425	26992	28642	29973	30335	0	28243	30082	30803	31254	0	29217	31112	31696	0	0	30864	31746	31980	0	0
A4430	6167	6217	6322	6143	0	6522	6451	6522	6167	0	6506	6636	6607	0	0	6802	6709	6637	0	0
A4432	23635	23687	23563	23091	0	24629	24489	24301	23689	0	25152	25292	24496	0	0	25925	25545	24756	0	0
A4452	48878	0	0	0	0	47567	0	0	0	0	46975	0	0	0	0	0	0	0	0	0
A4483	0	0	666	592	0	0	0	636	614	0	0	590	609	0	0	0	638	520	0	0
A4490	31	100	45	29	0	55	80	29	19	0	60	39	41	0	0	62	77	17	0	0
A4495	285	437	681	367	0	273	418	660	316	0	217	507	517	0	0	283	633	228	0	0
A4500	762	632	640	553	0	715	736	722	533	0	696	727	627	0	0	606	661	525	0	0
A4510	386	413	309	165	0	602	426	475	446	0	404	353	536	0	0	233	406	290	0	0
A4554	17456	16274	16196	19053	0	18391	17260	14542	17555	0	17651	17786	15700	0	0	16974	16851	16486	0	0
A4580	164	33	18	9	0	184	23	19	21	0	106	26	19	0	0	23	15	12	0	0
A4590	82	15	15	5	0	101	8	12	3	0	61	12	7	0	0	13	6	11	0	0
A4595	121954	0	0	0	0	121867	0	0	0	0	115782	0	0	0	0	0	0	0	0	0
A4604	0	61930	86869	134381	0	0	69982	96585	149304	0	0	69204	108574	0	0	56688	83274	124614	0	0
A4623	0	0	16241	16311	0	0	0	16372	16294	0	0	16001	16568	0	0	0	16480	16866	0	0
A4624	13676	0	13259	13123	0	13390	0	12892	12857	0	12862	12842	13058	0	0	0	13159	13140	0	0
A4625	0	0	680	479	0	0	0	655	462	0	0	772	575	0	0	0	689	536	0	0
A4629	16672	0	16558	16414	0	16535	0	16440	16481	0	16223	16171	16580	0	0	0	16281	16738	0	0
A5063	59896	56279	53344	50197	0	60772	57447	54243	50699	0	60797	57873	54126	0	0	61999	57993	53698	0	0
A5102	1567	1499	1466	1370	0	1627	1478	1412	1329	0	1598	1541	1483	0	0	1674	1644	1467	0	0
A5105	487	355	375	371	0	494	361	405	355	0	455	385	384	0	0	411	371	373	0	0
A6010	904	0	0	0	0	935	0	0	0	0	1230	0	0	0	0	0	0	0	0	0
A6011	538	295	443	369	0	430	357	315	323	0	406	391	356	0	0	348	402	345	0	0
A6021	27629	0	0	0	0	23897	0	0	0	0	21610	0	0	0	0	0	0	0	0	0
A6022	1190	849	1300	1373	0	1787	688	1334	1500	0	1887	1545	1494	0	0	1765	1318	1246	0	0
A6023	151	224	121	150	0	206	265	172	179	0	218	148	187	0	0	248	108	138	0	0
A6024	66	45	58	76	0	62	53	62	63	0	41	70	79	0	0	38	57	110	0	0
A6196	21803	0	0	0	0	20164	0	0	0	0	20100	0	0	0	0	0	0	0	0	0
A6197	8480	0	0	0	0	8631	0	0	0	0	9276	0	0	0	0	0	0	0	0	0
A6198	24	36	31	70	0	46	29	49	142	0	35	42	71	0	0	34	18	84	0	0
A6199	3573	3296	3781	3811	0	3643	3487	4005	4032	0	3737	3859	4327	0	0	3563	3957	4012	0	0
A6203	1566	1577	1792	2177	0	1691	1815	1922	2792	0	1719	1879	2187	0	0	1540	1741	2257	0	0
A6204	482	491	430	319	0	391	529	388	304	0	455	459	428	0	0	387	395	438	0	0
A6205	0	8	7	4	0	4	10	5	7	0	10	4	8	0	0	5	9	5	0	0
A6206	160	170	186	182	0	207	177	189	185	0	200	183	184	0	0	150	156	187	0	0
A6207	904	1047	1315	1701	0	962	1160	1584	1904	0	1070	1348	1631	0	0	997	1428	1550	0	0
A6208	23	31	15	18	0	26	24	6	26	0	21	29	5	0	0	33	28	9	0	0
A6209	25075	0	0	0	0	21717	0	0	0	0	20549	0	0	0	0	0	0	0	0	0
A6210	5254	0	0	0	0	5203	0	0	0	0	5151	0	0	0	0	0	0	0	0	0
A6211	765	660	812	929	0	688	708	868	946	0	746	852	957	0	0	776	873	932	0	0
A6212	57257	0	0	0	0	51710	0	0	0	0	47433	0	0	0	0	0	0	0	0	0
A6213	735	697	713	984	0	674	707	746	1011	0	763	771	827	0	0	673	767	899	0	0
A6214	214	348	503	735	0	220	408	482	748	0	282	432	440	0	0	327	435	572	0	0
A6215	18	35	21	34	0	23	45	22	34	0	32	21	20	0	0	26	36	28	0	0
A6222	18833	0	0	0	0	16915	0	0	0	0	17465	0	0	0	0	0	0	0	0	0
A6223	4179	4397	4833	4878	0	4438	4515	4806	5106	0	4587	4858	5347	0	0	4475	4885	5027	0	0
A6224	535	385	564	771	0	457	410	739	827	0	440	534	782	0	0	384	585	768	0	0
A6231	5079	4078	4522	3756	0	4801	4383	4353	3525	0	4376	4838	3722	0	0	3999	4293	3173	0	0
A6232	39	42	68	47	0	50	46	89	58	0	58	52	51	0	0	56	62	53	0	0
A6233	15	20	18	17	0	22	143	16	29	0	18	73	17	0	0	21	26	25	0	0
A6234	7056	6839	6683	6423	0	6960	6847	6601	5985	0	7020	7081	6743	0	0	6822	6634	6186	0	0
A6235	1236	1136	969	764	0	1204	986	1005	612	0	1083	1034	923	0	0	1124	1003	876	0	0
A6236	216	175	131	129	0	268	111	152	116	0	207	164	116	0	0	190	148	122	0	0
A6237	1629	1298	1289	1126	0	1587	1457	1206	1041	0	1420	1369	1248	0	0	1323	1307	1121	0	0
A6238	490	351	274	309	0	445	288	303	295	0	432	328	319	0	0	435	296	314	0	0
A6239	2	2	1	1	0	3	5	0	0	0	2	5	3	0	0	6	3	0	0	0
A6240	1611	2337	2963	1996	0	2047	3027	3308	878	0	2214	3305	3720	0	0	2256	2901	3490	0	0
A6241	35	27	39	45	0	20	35	33	38	0	21	39	46	0	0	13	41	40	0	0
A6242	1843	1249	1105	1453	0	1654	1347	1455	1332	0	1484	1357	1645	0	0	1349	1328	1511	0	0
A6243	215	169	143	177	0	197	241	150	241	0	223	231	124	0	0	171	190	129	0	0
A6244	11	3	10	12	0	9	7	14	11	0	8	5	9	0	0	5	3	6	0	0
A6245	31	106	94	32	0	38	104	111	34	0	64	147	92	0	0	81	130	60	0	0
A6246	12	11	28	1	0	21	6	16	7	0	10	2	8	0	0	7	5	8	0	0
A6247	16	13	7	54	0	17	12	27	35	0	7	5	30	0	0	12	8	36	0	0
A6248	10460	9463	10850	9243	0	9545	10176	11117	9097	0	9261	10653	10290	0	0	9070	10308	9212	0	0
A6251	3416	2667	1909	1813	0	3017	2674	1793	1793	0	2854	3095	1803	0	0	2757	2042	1776	0	0
A6252	11612	0	0	0	0	11883	0	0	0	0	12276	0	0	0	0	0	0	0	0	0
A6253	5868	0	0	0	0	5740	0	0	0	0	5918	0	0	0	0	0	0	0	0	0
A6254	248	241	259	238	0	262	232	283	296	0	244	242	431	0	0	258	248	275	0	0
A6255	109	120	152	71	0	123	102	132	70	0	121	120	115	0	0	128	208	95	0	0
A6256	1	0	3	10	0	1	1	5	5	0	3	2	4	0	0	0	6	9	0	0
A6257	3020	3109	2837	2770	0	3003	3115	2767	2701	0	3016	2962	2870	0	0	2877	2985	2671	0	0
A6258	3150	3334	3118	3161	0	3250	3404	3149	3163	0	3388	3514	3303	0	0	3343	3390	3240	0	0
A6259	295	285	213	234	0	318	261	215	195	0	313	310	266	0	0	300	253	231	0	0
A6266	9412	0	0	0	0	9280	0	0	0	0	10382	0	0	0	0	0	0	0	0	0
A6446	29070	0	0	0	0	27683	0	0	0	0	26865	0	0	0	0	0	0	0	0	0
A6530	10764	10871	10800	10777	0	12245	12887	13232	13285	0	12202	12629	13542	0	0	12182	11989	12629	0	0
A6531	5560	5510	5077	4455	0	5747	6145	5713	5102	0	5992	6101	5572	0	0	6457	6119	5423	0	0
A6532	836	671	542	662	0	870	614	602	706	0	833	616	639	0	0	771	580	563	0	0
A6533	3190	3049	2873	3018	0	3407	3386	3456	3663	0	3383	3286	3485	0	0	3301	3294	3613	0	0
A6534	883	778	701	628	0	909	952	851	762	0	905	945	818	0	0	995	904	935	0	0
A6535	78	82	75	86	0	83	76	76	72	0	88	86	71	0	0	77	86	78	0	0
A6536	272	344	241	161	0	252	310	246	182	0	315	280	238	0	0	367	282	234	0	0
A6537	65	48	36	36	0	71	52	48	62	0	53	45	38	0	0	63	47	46	0	0
A6538	5	10	4	3	0	12	13	9	3	0	3	8	6	0	0	6	7	3	0	0
A6539	467	483	451	489	0	493	511	494	513	0	478	524	492	0	0	613	574	630	0	0
A6540	165	123	123	114	0	162	185	146	146	0	156	145	127	0	0	203	160	146	0	0
A6541	10	21	7	1	0	11	23	8	9	0	17	9	9	0	0	19	27	10	0	0
A6544	4	7	3	2	0	3	1	4	3	0	2	1	3	0	0	2	2	2	0	0
A6545	1681	2179	3058	3620	0	1953	2653	3577	4200	0	2205	3048	3787	0	0	2158	3261	3635	0	0
A6549	3245	3244	3263	3360	0	3711	4087	4124	4177	0	3861	3950	4456	0	0	4194	4441	4590	0	0
A6550	38394	35956	34292	32550	0	39856	37643	36010	35861	0	37660	38351	36255	0	0	38107	37983	35367	0	0
A7000	46485	45358	44421	42970	0	47094	46662	45550	45950	0	45436	47892	46504	0	0	46331	47671	45236	0	0
A7003	288599	0	0	0	0	268760	0	0	0	0	262011	0	0	0	0	0	0	0	0	0
A7005	137740	0	0	0	0	124371	0	0	0	0	114572	0	0	0	0	0	0	0	0	0
A7027	0	3525	3165	2900	0	0	3543	3133	2846	0	0	3159	3064	0	0	3639	3250	3109	0	0
A7028	0	2763	2750	2638	0	0	2829	2713	2635	0	0	2652	2824	0	0	2743	2769	2766	0	0
A7029	0	3116	2928	2706	0	0	3212	2902	2646	0	0	2951	2889	0	0	3106	3021	2860	0	0
A7030	201999	211470	220635	261173	0	205941	220045	237187	276260	0	202490	208338	252106	0	0	211456	225040	263618	0	0
A7031	141953	157829	187043	235694	0	153707	165938	202117	252598	0	146554	163346	219414	0	0	156477	184486	233365	0	0
A7032	136058	138070	158522	185212	0	140928	146388	162684	194891	0	133023	142046	174663	0	0	138736	160333	186411	0	0
A7033	108218	114697	124161	154020	0	115520	122167	134728	162876	0	110931	115033	146292	0	0	117748	126711	156777	0	0
A7034	318778	318770	320996	369187	0	325640	336779	343538	385115	0	315465	306753	365757	0	0	326863	336109	380773	0	0
A7035	383493	389817	389833	444938	0	389593	413215	428198	469707	0	381178	384995	443392	0	0	395974	415121	457540	0	0
A7036	0	38050	37752	40936	0	0	39082	38992	42254	0	0	37609	40548	0	0	38111	40022	40620	0	0
A7037	422638	397075	391156	437706	0	426523	415076	415823	450369	0	403866	378349	440996	0	0	410645	409933	456125	0	0
A7038	493417	499616	539514	645149	0	516138	530279	578689	679492	0	481990	502265	621376	0	0	505467	550810	656325	0	0
A7039	165514	167585	172204	187702	0	170953	179799	190847	193496	0	165006	165740	192771	0	0	173488	184737	196250	0	0
A7044	0	224	178	149	0	0	227	172	158	0	0	203	143	0	0	251	195	164	0	0
A7045	0	1283	981	1119	0	0	1418	884	992	0	0	1654	1007	0	0	1098	2448	1104	0	0
A7046	102877	110184	120609	162050	0	108890	118659	137792	168101	0	104971	109541	148129	0	0	110904	123946	158552	0	0
A7520	0	0	6634	6218	0	0	0	6347	5983	0	0	6659	6330	0	0	0	6528	6218	0	0
A7521	0	0	4927	4693	0	0	0	4739	4478	0	0	5101	4822	0	0	0	5181	4706	0	0
A7526	0	0	14163	14559	0	0	0	14241	14735	0	0	14187	14682	0	0	0	14166	15164	0	0
A9270	67446	62541	55357	55878	0	66851	61183	54354	56061	0	64221	61069	54818	0	0	64425	58083	56152	0	0
A9276	2127	2466	2889	3426	0	2161	2592	3454	4110	0	2330	2837	3434	0	0	2509	3179	3244	0	0
A9277	331	496	743	695	0	391	505	750	871	0	398	596	752	0	0	491	765	773	0	0
B4034	65988	60054	60024	58501	0	63101	58223	58874	57237	0	59508	57232	59721	0	0	58822	57683	57498	0	0
B4035	180573	153953	149095	131341	0	171576	146882	142712	126679	0	156653	150873	140864	0	0	150369	145485	134782	0	0
B4036	16711	15413	13766	13887	0	15902	14675	13520	13408	0	15030	13455	13773	0	0	14920	13386	13549	0	0
B4081	0	38	22	27	0	0	48	33	32	0	0	30	29	0	0	45	30	23	0	0
B4082	0	52	29	31	0	0	51	37	27	0	0	40	30	0	0	37	46	25	0	0
B4083	0	19	14	12	0	0	14	13	13	0	0	17	12	0	0	14	17	10	0	0
B4087	0	5501	4112	4149	0	0	5022	3985	3949	0	0	4341	4199	0	0	5566	4261	4207	0	0
B4088	0	2467	2461	2582	0	0	2384	2350	2310	0	0	2336	2438	0	0	2283	2244	2557	0	0
B4100	1022	985	1068	1208	0	945	1088	1042	1055	0	973	1042	1063	0	0	1026	1004	1026	0	0
B4102	216	162	128	152	0	213	137	123	150	0	162	135	114	0	0	168	127	120	0	0
B4103	81	79	66	72	0	68	86	67	71	0	66	54	79	0	0	68	56	70	0	0
B4104	76	48	74	60	0	51	65	70	45	0	32	78	58	0	0	39	56	48	0	0
B4149	0	825	762	723	0	0	771	669	703	0	0	738	658	0	0	853	727	649	0	0
B4150	115192	98590	94510	79691	0	108938	94013	88471	75611	0	102519	94912	87411	0	0	99062	92761	82697	0	0
B4152	94287	87131	89285	86695	0	92463	85341	87070	85263	0	87660	85967	88563	0	0	86306	86521	86481	0	0
B4153	11698	10738	10686	10439	0	11463	10470	10268	9835	0	10842	10201	10336	0	0	10464	10476	10275	0	0
B4154	75205	61664	53271	45417	0	70770	57726	50924	43668	0	64274	56095	50514	0	0	61462	52893	47402	0	0
B4155	0	15001	13553	12212	0	0	14628	12983	11334	0	0	14148	13073	0	0	15242	13493	12138	0	0
B4157	168	256	265	270	0	164	235	235	259	0	196	201	251	0	0	212	231	245	0	0
B4158	21	15	26	18	0	17	25	22	26	0	13	15	21	0	0	16	22	22	0	0
B4160	589	571	538	518	0	568	557	477	480	0	562	467	494	0	0	552	479	443	0	0
B4161	240	235	214	224	0	238	215	183	223	0	244	175	197	0	0	218	196	224	0	0
B4162	69	49	99	103	0	52	76	82	97	0	59	74	93	0	0	43	110	102	0	0
B9000	0	175	101	74	0	0	169	108	72	0	0	157	118	0	0	166	97	94	0	0
K0820	0	4	72	133	0	0	1	120	138	0	0	4	161	0	0	6	28	158	0	0
K0821	0	186	2514	3826	0	0	226	3012	4080	0	0	648	3882	0	0	227	1763	3950	0	0
K0822	26779	19718	10248	8642	0	25829	17487	9311	8455	0	24672	14430	8882	0	0	21748	11154	8886	0	0
K0823	309694	200581	67647	63153	0	293481	166730	63148	61635	0	267317	122401	62511	0	0	231497	73947	62851	0	0
K0824	2823	2053	1219	1147	0	2791	1837	1178	1139	0	2645	1596	1180	0	0	2266	1276	1137	0	0
K0825	32216	24270	9728	10724	0	32120	20460	9756	10620	0	30402	15283	10009	0	0	27120	9776	10460	0	0
K0826	0	183	158	161	0	0	156	162	155	0	0	144	154	0	0	234	144	158	0	0
K0827	0	1277	656	760	0	0	1047	697	759	0	0	827	759	0	0	1479	621	722	0	0
K0828	0	19	6	3	0	0	12	4	6	0	0	9	2	0	0	22	4	3	0	0
K0829	0	28	4	12	0	0	25	6	11	0	0	15	6	0	0	26	8	8	0	0
K0848	964	0	0	0	0	1017	0	0	0	0	887	0	0	0	0	0	0	0	0	0
K0849	526	0	0	0	0	553	0	0	0	0	499	0	0	0	0	0	0	0	0	0
K0851	85	61	26	13	0	84	55	34	15	0	80	29	19	0	0	80	20	20	0	0
K0856	1526	0	0	0	0	1516	0	0	0	0	1310	0	0	0	0	0	0	0	0	0
K0861	2002	0	0	0	0	2269	0	0	0	0	2050	0	0	0	0	0	0	0	0	0
L0112	0	0	7	4	0	0	0	6	2	0	0	4	1	0	0	0	2	2	0	0
L0113	0	0	29	34	0	0	0	53	35	0	0	50	51	0	0	0	48	39	0	0
L0120	5485	5196	4739	4747	0	5423	5154	4965	4877	0	5162	5163	5064	0	0	5062	4861	4775	0	0
L0130	0	0	39	32	0	0	0	46	30	0	0	50	29	0	0	0	31	35	0	0
L0140	0	0	190	265	0	0	0	166	378	0	0	209	200	0	0	0	218	234	0	0
L0150	0	0	435	569	0	0	0	434	528	0	0	475	577	0	0	0	541	654	0	0
L0160	0	0	80	99	0	0	0	105	103	0	0	116	130	0	0	0	90	94	0	0
L0170	0	0	30	33	0	0	0	37	29	0	0	32	23	0	0	0	32	39	0	0
L0172	2574	2396	2254	2208	0	2714	2396	2509	2070	0	2394	2519	2501	0	0	2433	2325	2203	0	0
L0174	0	0	3402	3203	0	0	0	3430	3412	0	0	3728	3524	0	0	0	3468	3384	0	0
L0180	0	0	979	1259	0	0	0	1091	1241	0	0	447	1078	0	0	0	803	1200	0	0
L0190	0	0	48	20	0	0	0	60	30	0	0	48	40	0	0	0	41	29	0	0
L0200	0	0	81	83	0	0	0	97	87	0	0	88	94	0	0	0	76	92	0	0
L0210	0	0	1	0	0	0	0	0	0	0	0	0	2	0	0	0	1	0	0	0
L0220	0	0	239	93	0	0	0	235	97	0	0	246	188	0	0	0	244	117	0	0
L0450	0	0	156	165	0	0	0	182	144	0	0	191	169	0	0	0	213	195	0	0
L0452	0	0	0	2	0	0	0	1	0	0	0	2	3	0	0	0	2	1	0	0
L0454	0	0	97	58	0	0	0	99	69	0	0	110	85	0	0	0	117	71	0	0
L0455	0	0	4	29	0	0	0	10	33	0	0	0	17	0	0	0	0	29	0	0
L0456	0	0	1825	1690	0	0	0	1860	1802	0	0	1829	1951	0	0	0	1881	1801	0	0
L0457	0	0	172	623	0	0	0	374	1027	0	0	0	476	0	0	0	0	587	0	0
L0458	0	0	60	72	0	0	0	51	49	0	0	76	56	0	0	0	79	70	0	0
L0460	0	0	469	405	0	0	0	479	480	0	0	530	421	0	0	0	455	422	0	0
L0462	0	0	85	107	0	0	0	103	152	0	0	116	112	0	0	0	84	106	0	0
L0464	0	0	877	942	0	0	0	834	898	0	0	657	874	0	0	0	741	880	0	0
L0466	0	0	15	15	0	0	0	24	14	0	0	22	15	0	0	0	15	10	0	0
L0467	0	0	2	3	0	0	0	7	6	0	0	0	4	0	0	0	0	3	0	0
L0468	0	0	15	14	0	0	0	23	15	0	0	20	26	0	0	0	31	17	0	0
L0470	0	0	21	22	0	0	0	15	16	0	0	23	24	0	0	0	21	17	0	0
L0472	0	0	1430	1266	0	0	0	1579	1371	0	0	1467	1414	0	0	0	1411	1221	0	0
L0480	0	0	36	21	0	0	0	35	38	0	0	52	32	0	0	0	32	30	0	0
L0482	0	0	222	143	0	0	0	177	145	0	0	209	173	0	0	0	180	165	0	0
L0484	0	0	59	41	0	0	0	56	54	0	0	78	50	0	0	0	58	62	0	0
L0486	0	0	517	661	0	0	0	595	706	0	0	584	611	0	0	0	509	625	0	0
L0488	0	0	9	10	0	0	0	7	4	0	0	9	10	0	0	0	14	11	0	0
L0490	0	0	13	3	0	0	0	3	5	0	0	2	5	0	0	0	3	10	0	0
L0491	0	0	10	12	0	0	0	27	5	0	0	23	21	0	0	0	16	9	0	0
L0492	0	0	7	7	0	0	0	3	5	0	0	3	4	0	0	0	8	8	0	0
L0621	0	0	927	1057	0	0	0	1034	1072	0	0	989	928	0	0	0	1037	1134	0	0
L0622	0	0	10	16	0	0	0	24	15	0	0	27	13	0	0	0	14	16	0	0
L0623	0	0	2	12	0	0	0	6	6	0	0	16	5	0	0	0	7	11	0	0
L0624	0	0	3	3	0	0	0	6	4	0	0	3	3	0	0	0	1	1	0	0
L0625	0	0	1946	1882	0	0	0	2205	2111	0	0	2378	2294	0	0	0	2295	2033	0	0
L0626	2610	2850	2516	1797	0	2986	3322	2530	1971	0	3022	3201	2361	0	0	2963	3074	2004	0	0
L0627	16881	16107	12584	8643	0	17419	16530	11998	9206	0	18001	17632	11416	0	0	18992	20567	9960	0	0
L0628	0	0	950	890	0	0	0	1084	986	0	0	1310	1121	0	0	0	1172	1040	0	0
L0629	0	0	11	22	0	0	0	23	19	0	0	17	23	0	0	0	15	24	0	0
L0630	0	0	843	627	0	0	0	934	672	0	0	1245	779	0	0	0	1111	781	0	0
L0631	36508	35237	16416	7779	0	38179	36990	13260	7460	0	41384	33942	11271	0	0	43780	32105	9351	0	0
L0632	0	0	2	4	0	0	0	7	5	0	0	1	3	0	0	0	3	3	0	0
L0633	0	0	195	147	0	0	0	223	141	0	0	265	224	0	0	0	276	186	0	0
L0634	0	0	6	6	0	0	0	8	7	0	0	9	10	0	0	0	11	5	0	0
L0635	0	0	24	26	0	0	0	34	86	0	0	22	17	0	0	0	17	19	0	0
L0636	0	0	38	18	0	0	0	45	20	0	0	86	31	0	0	0	90	31	0	0
L0637	19826	24355	18774	11506	0	21875	25806	17384	11064	0	22813	25440	15480	0	0	23722	24527	13196	0	0
L0638	0	0	83	109	0	0	0	113	112	0	0	115	103	0	0	0	100	102	0	0
L0639	0	0	164	130	0	0	0	151	123	0	0	197	171	0	0	0	160	162	0	0
L0640	0	0	120	103	0	0	0	113	100	0	0	119	130	0	0	0	103	128	0	0
L0641	0	0	111	871	0	0	0	467	1027	0	0	0	818	0	0	0	0	793	0	0
L0642	0	0	13101	8885	0	0	0	15464	9826	0	0	0	17118	0	0	0	2	15188	0	0
L0643	0	0	46	94	0	0	0	121	152	0	0	0	120	0	0	0	0	140	0	0
L0648	0	0	11961	17859	0	0	0	15656	18872	0	0	2	19995	0	0	0	7	22436	0	0
L0650	0	0	6706	20671	0	0	0	10469	25951	0	0	0	14289	0	0	0	1	16207	0	0
L0651	0	0	47	10	0	0	0	58	14	0	0	0	28	0	0	0	0	39	0	0
L0700	0	0	5	5	0	0	0	8	3	0	0	3	2	0	0	0	4	8	0	0
L0710	0	0	10	13	0	0	0	12	10	0	0	19	17	0	0	0	11	13	0	0
L0810	0	0	5	2	0	0	0	7	1	0	0	4	3	0	0	0	7	3	0	0
L0830	0	0	2	1	0	0	0	1	2	0	0	1	0	0	0	0	1	3	0	0
L0859	0	0	48	43	0	0	0	77	52	0	0	57	43	0	0	0	46	54	0	0
L0861	0	0	3	0	0	0	0	5	1	0	0	5	10	0	0	0	4	0	0	0
L0970	0	0	12	9	0	0	0	7	7	0	0	21	15	0	0	0	10	13	0	0
L0972	0	0	424	225	0	0	0	299	190	0	0	372	257	0	0	0	341	205	0	0
L0974	0	0	21	15	0	0	0	9	9	0	0	16	13	0	0	0	16	10	0	0
L0976	0	0	279	202	0	0	0	261	204	0	0	263	237	0	0	0	272	223	0	0
L0978	0	0	4	1	0	0	0	4	3	0	0	2	1	0	0	0	2	3	0	0
L0980	0	0	1	2	0	0	0	0	0	0	0	1	5	0	0	0	1	2	0	0
L0982	0	0	9	2	0	0	0	17	20	0	0	7	18	0	0	0	4	6	0	0
L0984	0	0	86	79	0	0	0	103	73	0	0	97	102	0	0	0	91	92	0	0
L0999	0	0	77	107	0	0	0	72	91	0	0	104	119	0	0	0	73	110	0	0
L1000	0	0	1	4	0	0	0	0	0	0	0	1	0	0	0	0	0	0	0	0
L1005	0	0	4	125	0	0	0	23	340	0	0	11	22	0	0	0	4	34	0	0
L1010	0	0	16	12	0	0	0	16	11	0	0	23	13	0	0	0	13	13	0	0
L1020	0	0	17	22	0	0	0	18	19	0	0	28	19	0	0	0	15	21	0	0
L1025	0	0	1	0	0	0	0	8	1	0	0	0	4	0	0	0	1	0	0	0
L1030	0	0	11	4	0	0	0	8	4	0	0	8	3	0	0	0	5	4	0	0
L1040	0	0	14	5	0	0	0	19	11	0	0	14	12	0	0	0	11	16	0	0
L1050	0	0	18	12	0	0	0	10	10	0	0	15	10	0	0	0	16	15	0	0
L1060	0	0	6	4	0	0	0	4	4	0	0	6	6	0	0	0	4	6	0	0
L1070	0	0	0	0	0	0	0	1	0	0	0	3	0	0	0	0	2	1	0	0
L1080	0	0	1	0	0	0	0	0	2	0	0	1	1	0	0	0	3	1	0	0
L1085	0	0	1	0	0	0	0	0	0	0	0	0	0	0	0	0	0	0	0	0
L1090	0	0	1	0	0	0	0	1	0	0	0	0	0	0	0	0	1	1	0	0
L1100	0	0	1	0	0	0	0	0	0	0	0	0	0	0	0	0	0	0	0	0
L1110	0	0	1	0	0	0	0	0	0	0	0	0	0	0	0	0	0	0	0	0
L1120	0	0	9	5	0	0	0	6	5	0	0	10	5	0	0	0	5	6	0	0
L1200	0	0	6	14	0	0	0	15	8	0	0	7	12	0	0	0	20	9	0	0
L1210	0	0	9	18	0	0	0	15	12	0	0	6	9	0	0	0	18	12	0	0
L1220	0	0	225	142	0	0	0	206	184	0	0	230	176	0	0	0	224	186	0	0
L1230	0	0	1	1	0	0	0	0	0	0	0	0	1	0	0	0	0	0	0	0
L1240	0	0	30	28	0	0	0	45	24	0	0	40	48	0	0	0	45	42	0	0
L1250	0	0	20	19	0	0	0	17	20	0	0	35	17	0	0	0	19	29	0	0
L1260	0	0	9	11	0	0	0	11	6	0	0	2	6	0	0	0	8	14	0	0
L1270	0	0	31	36	0	0	0	34	41	0	0	35	29	0	0	0	30	45	0	0
L1280	0	0	7	11	0	0	0	6	12	0	0	7	6	0	0	0	5	14	0	0
L1290	0	0	23	22	0	0	0	28	21	0	0	30	18	0	0	0	27	28	0	0
L1300	0	0	19	18	0	0	0	27	25	0	0	19	14	0	0	0	21	30	0	0
L1310	0	0	0	1	0	0	0	1	0	0	0	2	3	0	0	0	1	1	0	0
L1499	0	0	82	65	0	0	0	81	76	0	0	95	87	0	0	0	79	61	0	0
L1600	0	0	23	32	0	0	0	34	37	0	0	35	39	0	0	0	27	28	0	0
L1610	0	0	20	5	0	0	0	10	3	0	0	8	7	0	0	0	17	8	0	0
L1620	0	0	0	0	0	0	0	5	2	0	0	3	2	0	0	0	2	1	0	0
L1630	0	0	1	0	0	0	0	1	0	0	0	3	0	0	0	0	1	0	0	0
L1640	0	0	7	1	0	0	0	2	1	0	0	5	3	0	0	0	0	1	0	0
L1650	0	0	11	4	0	0	0	6	5	0	0	4	2	0	0	0	5	8	0	0
L1652	0	0	376	323	0	0	0	381	304	0	0	485	370	0	0	0	359	324	0	0
L1660	0	0	4	2	0	0	0	2	2	0	0	5	1	0	0	0	1	3	0	0
L1680	0	0	12	5	0	0	0	18	10	0	0	13	8	0	0	0	16	11	0	0
L1685	0	0	20	9	0	0	0	16	16	0	0	28	16	0	0	0	14	20	0	0
L1686	0	0	492	564	0	0	0	577	553	0	0	523	610	0	0	0	458	526	0	0
L1690	0	0	4	5	0	0	0	8	4	0	0	4	7	0	0	0	5	6	0	0
L1730	0	0	1	1	0	0	0	0	0	0	0	0	0	0	0	0	1	1	0	0
L1755	0	0	0	0	0	0	0	1	0	0	0	0	0	0	0	0	0	0	0	0
L1800	2	1	0	0	0	2	1	0	0	0	3	1	0	0	0	0	1	0	0	0
L1810	13480	12629	12065	8802	0	15439	14295	12569	9087	0	14661	14269	12158	0	0	13804	14121	10750	0	0
L1812	0	0	1196	5314	0	0	0	2714	7375	0	0	0	3791	0	0	0	0	4781	0	0
L1815	0	0	1	0	0	0	0	0	0	0	0	1	0	0	0	0	0	0	0	0
L1820	11174	13594	16455	18404	0	12284	15974	19015	20975	0	12955	16552	20115	0	0	13366	15549	18935	0	0
L1825	3	1	0	0	0	1	0	0	0	0	1	0	0	0	0	0	0	0	0	0
L1830	10506	9995	10216	10816	0	10507	10246	10794	11052	0	10310	10549	10989	0	0	9986	10315	10354	0	0
L1831	0	0	1516	1326	0	0	0	1744	1299	0	0	1781	1525	0	0	0	1537	1479	0	0
L1832	16844	24548	18291	12721	0	20873	28128	17357	12307	0	23246	29008	15642	0	0	23829	31600	13536	0	0
L1833	0	0	17363	32366	0	0	0	21775	40318	0	0	0	28351	0	0	0	0	32805	0	0
L1834	0	0	10	16	0	0	0	40	4	0	0	12	22	0	0	0	14	22	0	0
L1836	0	0	86	63	0	0	0	106	70	0	0	99	81	0	0	0	88	87	0	0
L1840	0	0	9	7	0	0	0	16	16	0	0	6	8	0	0	0	10	13	0	0
L1843	4056	6840	9197	6007	0	5632	8594	9460	5375	0	6323	8735	10055	0	0	6527	9644	7820	0	0
L1844	0	0	1373	1364	0	0	0	1449	1567	0	0	1630	1493	0	0	0	1228	1631	0	0
L1845	4391	5826	4526	3255	0	5685	6659	5457	3646	0	5470	6640	5269	0	0	5715	6278	3870	0	0
L1846	0	0	1728	1692	0	0	0	1865	1895	0	0	1713	1835	0	0	0	1831	1918	0	0
L1847	0	0	13	5	0	0	0	15	12	0	0	27	13	0	0	0	15	13	0	0
L1848	0	0	6	8	0	0	0	21	4	0	0	0	3	0	0	0	0	5	0	0
L1850	0	0	145	173	0	0	0	192	200	0	0	178	195	0	0	0	183	189	0	0
L1860	0	0	1	1	0	0	0	2	3	0	0	1	4	0	0	0	3	2	0	0
L1900	0	0	41	30	0	0	0	34	35	0	0	36	33	0	0	0	21	42	0	0
L1901	0	0	0	1	0	0	0	0	0	0	0	0	0	0	0	0	1	0	0	0
L1902	19464	21581	24138	23222	0	23627	25264	27908	28951	0	25471	26896	27396	0	0	27507	24984	24952	0	0
L1904	0	0	101	98	0	0	0	116	120	0	0	120	120	0	0	0	108	101	0	0
L1906	10114	6337	6407	6077	0	8391	7081	7253	7772	0	8084	7217	7219	0	0	6802	6602	6819	0	0
L1907	0	0	319	345	0	0	0	420	421	0	0	398	435	0	0	0	441	437	0	0
L1910	0	0	19	24	0	0	0	23	23	0	0	17	16	0	0	0	92	26	0	0
L1920	0	0	35	22	0	0	0	52	31	0	0	49	35	0	0	0	48	33	0	0
L1930	4516	3813	3436	3226	0	4471	4098	3783	3568	0	4480	4043	3835	0	0	4175	3712	3446	0	0
L1932	0	0	4149	4101	0	0	0	4850	4844	0	0	4702	5052	0	0	0	4614	4840	0	0
L1940	0	0	6605	6471	0	0	0	7488	7698	0	0	7530	7581	0	0	0	7533	7610	0	0
L1945	0	0	302	328	0	0	0	305	345	0	0	333	373	0	0	0	310	362	0	0
L1950	0	0	151	164	0	0	0	168	194	0	0	192	223	0	0	0	166	184	0	0
L1951	0	0	1477	1649	0	0	0	1668	2009	0	0	1520	1868	0	0	0	1513	1929	0	0
L1960	6296	5499	4923	4758	0	6810	6054	5406	5268	0	6455	5947	5767	0	0	6071	5767	5520	0	0
L1970	8342	7151	6967	6679	0	9259	8289	7951	7846	0	9039	8544	8210	0	0	8709	8097	7918	0	0
L1971	4645	5998	6320	6257	0	5794	6830	7451	7233	0	6412	6330	8632	0	0	6792	6909	8206	0	0
L1980	0	0	81	82	0	0	0	106	118	0	0	108	110	0	0	0	120	108	0	0
L1990	0	0	1410	1326	0	0	0	1635	1575	0	0	1675	1676	0	0	0	1751	1699	0	0
L2000	0	0	6	4	0	0	0	9	7	0	0	10	13	0	0	0	10	4	0	0
L2005	0	0	136	119	0	0	0	135	107	0	0	129	114	0	0	0	138	120	0	0
L2010	0	0	7	5	0	0	0	5	5	0	0	7	4	0	0	0	3	2	0	0
L2020	0	0	215	196	0	0	0	251	233	0	0	294	214	0	0	0	255	229	0	0
L2030	0	0	17	13	0	0	0	22	17	0	0	25	13	0	0	0	22	25	0	0
L2034	0	0	11	8	0	0	0	15	13	0	0	13	10	0	0	0	14	8	0	0
L2035	0	0	0	1	0	0	0	0	0	0	0	0	0	0	0	0	1	1	0	0
L2036	0	0	877	809	0	0	0	945	903	0	0	1016	927	0	0	0	971	909	0	0
L2037	0	0	34	45	0	0	0	33	41	0	0	36	39	0	0	0	48	31	0	0
L2038	0	0	10	6	0	0	0	11	5	0	0	13	6	0	0	0	8	5	0	0
L2040	0	0	6	4	0	0	0	3	9	0	0	9	6	0	0	0	7	8	0	0
L2050	0	0	2	2	0	0	0	2	2	0	0	1	1	0	0	0	1	2	0	0
L2060	0	0	0	0	0	0	0	0	1	0	0	0	1	0	0	0	0	1	0	0
L2070	0	0	5	2	0	0	0	4	4	0	0	5	3	0	0	0	2	1	0	0
L2080	0	0	3	2	0	0	0	4	1	0	0	1	2	0	0	0	5	2	0	0
L2090	0	0	0	4	0	0	0	0	4	0	0	2	0	0	0	0	0	1	0	0
L2106	0	0	16	16	0	0	0	34	17	0	0	11	24	0	0	0	17	17	0	0
L2108	0	0	40	30	0	0	0	40	40	0	0	36	40	0	0	0	36	39	0	0
L2112	0	0	343	234	0	0	0	345	240	0	0	321	284	0	0	0	290	268	0	0
L2114	0	0	748	647	0	0	0	888	625	0	0	969	823	0	0	0	801	687	0	0
L2116	0	0	706	606	0	0	0	605	484	0	0	710	496	0	0	0	638	545	0	0
L2126	0	0	7	6	0	0	0	5	5	0	0	2	4	0	0	0	6	6	0	0
L2128	0	0	18	25	0	0	0	26	21	0	0	24	23	0	0	0	35	18	0	0
L2132	0	0	0	1	0	0	0	3	1	0	0	2	1	0	0	0	2	6	0	0
L2134	0	0	6	3	0	0	0	3	5	0	0	3	2	0	0	0	2	9	0	0
B9002	72512	61632	60272	47719	0	67120	56611	56488	44888	0	61131	61494	55458	0	0	58966	57594	48661	0	0
B9998	1217	1043	797	761	0	1124	1090	691	837	0	969	776	762	0	0	937	758	730	0	0
E0105	16216	0	0	0	0	16538	0	0	0	0	16278	0	0	0	0	0	0	0	0	0
E0130	0	193	134	102	0	0	190	98	116	0	0	156	121	0	0	160	157	118	0	0
E0135	15216	13055	10030	8830	0	14209	12155	9771	8643	0	13195	10931	9514	0	0	13013	10536	9126	0	0
E0140	0	315	225	209	0	0	295	177	261	0	0	130	197	0	0	288	118	188	0	0
E0141	0	1491	864	870	0	0	1543	985	957	0	0	1125	965	0	0	1406	944	861	0	0
E0143	242032	232182	192648	195073	0	244734	234869	200627	201853	0	231172	202354	201758	0	0	227539	199662	195178	0	0
E0147	0	906	711	800	0	0	1027	792	1084	0	0	889	804	0	0	981	815	866	0	0
E0148	0	1017	782	663	0	0	895	769	670	0	0	810	702	0	0	1024	840	642	0	0
E0149	5621	5405	4370	4434	0	6023	5800	4908	5213	0	5551	4798	4955	0	0	5298	4478	4694	0	0
E0154	0	4204	3199	3135	0	0	4027	3167	3111	0	0	3612	3348	0	0	4272	3456	3087	0	0
E0155	0	2324	1455	1449	0	0	2118	1629	1341	0	0	1891	1507	0	0	2399	1568	1451	0	0
E0156	76594	73425	55522	59099	0	86320	85063	69015	71097	0	83036	68095	71390	0	0	77629	62742	64718	0	0
E0157	0	100	38	23	0	0	109	37	38	0	0	78	33	0	0	108	92	32	0	0
E0158	0	321	340	349	0	0	323	345	292	0	0	280	315	0	0	307	321	328	0	0
E0159	0	2065	1261	1370	0	0	2280	1327	1524	0	0	1921	1414	0	0	2104	1429	1279	0	0
E0163	112033	0	0	0	0	104795	0	0	0	0	98557	0	0	0	0	0	0	0	0	0
E0181	58066	0	0	0	0	55703	0	0	0	0	54085	0	0	0	0	0	0	0	0	0
E0185	19228	0	0	0	0	18111	0	0	0	0	17091	0	0	0	0	0	0	0	0	0
E0193	0	166	153	162	0	0	155	152	158	0	0	160	186	0	0	163	155	173	0	0
E0215	473	0	0	0	0	258	0	0	0	0	210	0	0	0	0	0	0	0	0	0
E0250	0	5552	10532	15287	0	0	6613	11850	16178	0	0	8045	13452	0	0	4349	9224	14233	0	0
E0251	0	131	169	196	0	0	122	183	172	0	0	125	202	0	0	241	137	203	0	0
E0255	0	7889	11262	12425	0	0	9238	11763	11679	0	0	10085	12573	0	0	6545	10560	12477	0	0
E0256	0	833	314	356	0	0	659	291	361	0	0	502	317	0	0	1013	389	340	0	0
E0260	574694	513334	408364	338034	0	556970	483477	372389	327468	0	535937	463424	355290	0	0	515426	429787	335740	0	0
E0261	26591	28821	22365	20927	0	26951	28712	20302	21623	0	27105	27582	19572	0	0	27607	24614	19781	0	0
E0271	0	5202	3827	4007	0	0	4537	3906	3944	0	0	3923	3823	0	0	4148	3834	3751	0	0
E0272	0	1417	842	812	0	0	1129	819	830	0	0	950	830	0	0	1200	916	814	0	0
E0277	37135	31835	25592	21079	0	35901	30819	23630	20181	0	33417	29044	22313	0	0	31310	26734	20739	0	0
E0280	0	35	11	9	0	0	26	6	15	0	0	17	10	0	0	19	8	10	0	0
E0290	0	17	29	37	0	0	14	37	43	0	0	24	41	0	0	13	26	47	0	0
E0291	0	0	3	3	0	0	0	8	3	0	0	2	7	0	0	1	3	3	0	0
E0292	0	72	67	75	0	0	87	51	50	0	0	78	61	0	0	63	71	83	0	0
E0293	0	29	7	25	0	0	28	9	21	0	0	24	15	0	0	38	9	23	0	0
E0294	0	2244	2806	2664	0	0	2150	2821	2668	0	0	2374	2913	0	0	2171	2525	2738	0	0
E0295	0	3989	3352	3242	0	0	3952	3253	3202	0	0	3750	3282	0	0	3964	3631	3280	0	0
E0301	0	1394	1226	1115	0	0	1342	1061	1175	0	0	1349	1053	0	0	1370	1237	1042	0	0
E0302	0	201	110	107	0	0	183	97	97	0	0	149	117	0	0	183	129	102	0	0
E0303	12136	11448	9502	8605	0	12027	11064	8855	8453	0	11931	10621	8668	0	0	11322	10111	8583	0	0
E0304	0	585	404	288	0	0	500	385	304	0	0	453	357	0	0	588	462	320	0	0
E0305	0	2775	2503	2256	0	0	2615	2290	2073	0	0	2657	2551	0	0	2683	2597	2099	0	0
E0310	0	2091	1873	1216	0	0	1784	1445	1099	0	0	1993	1436	0	0	1636	1998	1113	0	0
E0316	0	20	10	2	0	0	16	16	0	0	0	16	6	0	0	20	18	4	0	0
E0371	0	369	281	553	0	0	321	373	515	0	0	294	428	0	0	361	239	526	0	0
E0372	0	285	752	665	0	0	278	779	564	0	0	375	705	0	0	359	508	624	0	0
E0373	0	91	184	521	0	0	85	256	537	0	0	103	336	0	0	135	121	443	0	0
E0424	0	886	1019	992	0	0	860	1028	804	0	0	833	1017	0	0	745	795	961	0	0
E0431	1373882	1197285	1115645	1083423	0	1274416	1142760	1070268	1053248	0	1181926	1145800	1068702	0	0	1142387	1083645	1032152	0	0
E0433	0	137	40	23	0	0	84	34	17	0	0	58	23	0	0	118	42	22	0	0
E0434	118543	88820	63918	46607	0	108556	80003	55739	42576	0	98159	74918	52536	0	0	91053	67632	47964	0	0
E0439	93117	70517	50334	36641	0	85395	63389	44039	32780	0	77751	59000	41691	0	0	72324	52947	37677	0	0
E0441	0	529	281	659	0	0	404	339	921	0	0	296	412	0	0	496	238	472	0	0
E0442	55825	59302	53847	41919	0	56166	58190	49654	39647	0	57020	58682	47256	0	0	57802	55691	44262	0	0
E0443	205696	191611	183241	150548	0	200463	191790	172881	148972	0	197430	196956	170048	0	0	189162	192747	157245	0	0
E0444	55254	57287	51420	38899	0	56215	56054	46405	36465	0	56615	55884	43498	0	0	56153	53370	40282	0	0
E0450	5919	4976	4662	3888	0	5663	4810	4363	3728	0	5367	4741	4271	0	0	5081	4656	4110	0	0
E0461	818	667	688	711	0	794	684	703	720	0	791	683	707	0	0	745	645	726	0	0
E0463	8534	9756	11088	11898	0	8784	10017	11159	12109	0	9199	10093	11423	0	0	9195	10410	11459	0	0
E0464	4735	9352	22432	49500	0	5595	11083	27410	58606	0	6605	13606	33773	0	0	7712	17632	41998	0	0
E0470	145940	149087	147824	148451	0	145775	148229	144906	151306	0	144734	150116	147327	0	0	145166	149239	146409	0	0
E0471	37177	44500	46314	50684	0	38481	45015	45104	51711	0	39874	46891	46621	0	0	41608	46394	48547	0	0
E0472	0	88	62	44	0	0	72	48	32	0	0	79	52	0	0	73	61	48	0	0
E0483	0	0	9386	9623	0	0	0	9451	9986	0	0	9151	9353	0	0	0	9378	9446	0	0
E0561	0	489	304	236	0	0	504	277	237	0	0	430	296	0	0	547	347	243	0	0
E0562	258271	270165	259786	283697	0	259547	271911	254588	307573	0	260907	272944	260728	0	0	263244	269062	264981	0	0
E0570	1082101	0	0	0	0	1042367	0	0	0	0	1020041	0	0	0	0	0	0	0	0	0
E0600	38286	0	0	0	0	37298	0	0	0	0	35993	0	0	0	0	0	0	0	0	0
E0601	803275	849406	832617	868789	0	808107	843279	806825	884299	0	817405	855063	830910	0	0	826863	837241	834680	0	0
E0602	1	1	4	11	0	0	2	2	4	0	0	5	0	0	0	0	4	4	0	0
E0603	34	38	51	116	0	34	51	57	117	0	38	51	92	0	0	33	42	102	0	0
E0604	38	23	26	38	0	24	29	25	42	0	25	21	32	0	0	57	24	27	0	0
E0607	170732	0	0	0	0	177458	0	0	0	0	157905	0	0	0	0	0	0	0	0	0
E0630	86835	0	0	0	0	85744	0	0	0	0	84489	0	0	0	0	0	0	0	0	0
E0635	2330	2378	2040	2265	0	2462	2322	2076	2273	0	2682	2267	2167	0	0	2652	2202	2287	0	0
E0650	475	632	687	1791	0	610	707	794	1275	0	673	780	956	0	0	632	595	1351	0	0
E0651	10679	10517	4938	5440	0	11201	11268	5769	6400	0	11131	5584	6266	0	0	10075	5336	6182	0	0
E0652	1598	1500	560	517	0	1600	1674	700	589	0	1563	750	679	0	0	1639	786	714	0	0
E0655	57	77	92	67	0	46	98	76	70	0	55	162	81	0	0	79	84	89	0	0
E0656	216	32	18	14	0	31	41	18	22	0	23	20	13	0	0	28	21	9	0	0
E0657	81	14	7	17	0	13	21	19	14	0	23	6	11	0	0	12	9	24	0	0
E0660	69	94	37	36	0	74	62	40	21	0	72	64	35	0	0	73	37	25	0	0
E0665	28	25	28	25	0	31	35	29	18	0	21	24	17	0	0	21	21	25	0	0
E0666	134	144	153	92	0	215	164	154	89	0	230	221	147	0	0	195	114	136	0	0
E0667	10732	5942	5184	5286	0	11802	6650	6216	6415	0	13310	6364	6520	0	0	6229	6430	6153	0	0
E0668	521	524	501	605	0	545	660	613	719	0	555	565	611	0	0	469	570	704	0	0
E0669	477	530	309	392	0	505	282	395	455	0	288	274	470	0	0	318	259	536	0	0
E0670	0	2	1	9	0	0	6	5	2	0	0	4	10	0	0	1	5	2	0	0
E0671	124	93	58	179	0	128	109	152	188	0	109	77	105	0	0	108	58	124	0	0
E0672	21	34	19	14	0	28	22	13	7	0	21	28	8	0	0	26	14	9	0	0
E0673	147	5292	6181	10130	0	266	5695	9148	8153	0	303	5688	10222	0	0	2937	5020	9265	0	0
E0675	1863	9130	4829	5280	0	1932	9560	5983	4814	0	2016	4563	6355	0	0	6671	4216	5543	0	0
E0676	551	2996	4893	3829	0	3537	3295	4476	3567	0	4716	4436	4141	0	0	3250	4832	3136	0	0
E0720	11647	0	0	0	0	12721	0	0	0	0	10879	0	0	0	0	0	0	0	0	0
E0730	74804	0	0	0	0	76613	0	0	0	0	63459	0	0	0	0	0	0	0	0	0
E0731	8222	0	0	0	0	7426	0	0	0	0	6588	0	0	0	0	0	0	0	0	0
E0776	88580	76307	62353	53802	0	84623	72617	59100	51785	0	79407	73416	57137	0	0	75322	62876	53665	0	0
E0784	28639	33357	31078	39235	0	29074	33686	30739	39723	0	29764	33468	34857	0	0	31078	32294	40080	0	0
E0910	0	42709	31775	25022	0	0	39711	28418	23951	0	0	37366	27112	0	0	43845	34122	25484	0	0
E0911	0	502	376	261	0	0	427	334	247	0	0	387	324	0	0	477	372	274	0	0
E0912	0	4298	3460	3092	0	0	4140	3158	2976	0	0	3924	3022	0	0	4182	3651	3040	0	0
E0935	51817	25086	23709	21391	0	47466	22082	21462	17515	0	44929	21780	20601	0	0	24450	23851	20039	0	0
E0940	0	10867	9040	7200	0	0	10084	8353	6950	0	0	9883	7936	0	0	11172	9497	7471	0	0
E0950	0	1233	1236	988	0	0	1282	1134	1060	0	0	1187	1153	0	0	1288	1179	1091	0	0
E0951	0	28271	21718	17109	0	0	28365	19439	18229	0	0	26019	18589	0	0	28182	24204	17606	0	0
E0955	7757	7053	8045	7004	0	8512	7288	8506	7502	0	7785	7790	8324	0	0	7962	8201	8012	0	0
E0956	0	3390	4035	3884	0	0	3533	4236	4324	0	0	3959	4389	0	0	3785	4353	4570	0	0
E0957	0	350	443	368	0	0	365	404	341	0	0	405	391	0	0	404	407	420	0	0
E0960	0	1331	1563	1295	0	0	1362	1403	1332	0	0	1444	1418	0	0	1492	1453	1433	0	0
E0961	0	25121	19547	19487	0	0	24834	19131	17779	0	0	22800	19533	0	0	24858	20741	19290	0	0
E0971	100756	104312	83918	66027	0	102118	102174	76421	62986	0	100803	96604	72856	0	0	100942	90464	68122	0	0
E0973	56473	50350	38353	33714	0	57191	48302	36807	34244	0	55126	42488	37775	0	0	52979	39877	35448	0	0
E0978	0	30536	25728	20712	0	0	31336	24692	19284	0	0	28859	23366	0	0	29482	27425	21512	0	0
E0990	9140	7289	6256	4726	0	9187	6915	5205	4692	0	8761	6624	5225	0	0	7995	6381	4684	0	0
E0992	0	674	528	508	0	0	684	540	592	0	0	561	499	0	0	686	578	493	0	0
E1002	1828	0	0	0	0	1944	0	0	0	0	1696	0	0	0	0	0	0	0	0	0
E1007	1932	0	0	0	0	2164	0	0	0	0	1971	0	0	0	0	0	0	0	0	0
E1016	0	251	175	215	0	0	158	179	166	0	0	161	201	0	0	276	192	188	0	0
E1020	0	1859	1641	1682	0	0	1832	1678	1759	0	0	1659	1696	0	0	1942	1585	1516	0	0
E1028	15657	13440	15734	15211	0	16651	14053	16586	16296	0	15218	15189	16981	0	0	15554	16702	17285	0	0
E1031	0	15569	10297	6355	0	0	14759	8812	5914	0	0	13608	7744	0	0	16164	11899	7049	0	0
E1038	0	66209	53076	45281	0	0	64716	48553	45711	0	0	61262	47183	0	0	66608	56737	45608	0	0
E1161	2300	0	0	0	0	2638	0	0	0	0	2469	0	0	0	0	0	0	0	0	0
E1225	0	1450	1496	1764	0	0	1352	1460	1680	0	0	1392	1671	0	0	1388	1460	1660	0	0
E1226	0	11380	9684	9095	0	0	11215	9533	9032	0	0	10435	9595	0	0	11423	9921	9161	0	0
E1340	0	0	0	0	0	0	1	0	0	0	0	0	0	0	0	0	0	0	0	0
E1390	2996229	2715106	2638466	2570066	0	2798606	2596641	2532320	2483796	0	2644323	2674237	2560466	0	0	2577852	2550531	2466241	0	0
E1391	0	627	467	347	0	0	585	416	309	0	0	546	407	0	0	586	494	377	0	0
E1392	124259	167579	196836	214072	0	129302	173123	196066	215920	0	137066	187392	204768	0	0	149964	188842	203219	0	0
E1810	17660	0	0	0	0	16621	0	0	0	0	15799	0	0	0	0	0	0	0	0	0
E2201	0	9892	9304	9495	0	0	9812	9194	9276	0	0	0	9594	0	0	9411	0	9245	0	0
E2202	0	813	832	774	0	0	828	814	831	0	0	841	817	0	0	743	818	722	0	0
E2203	0	1225	1498	1078	0	0	1204	1498	1131	0	0	1283	1435	0	0	1301	1219	1166	0	0
E2204	0	148	358	90	0	0	185	233	77	0	0	217	209	0	0	139	286	113	0	0
E2206	0	1967	1839	2138	0	0	1925	2150	2182	0	0	1769	2091	0	0	1746	1841	2075	0	0
E2208	0	5327	3110	2703	0	0	4640	3301	2732	0	0	3939	3288	0	0	6020	3499	2850	0	0
E2209	0	1735	1638	1376	0	0	1809	1469	1453	0	0	1684	1540	0	0	1832	1629	1471	0	0
E2210	0	1964	1695	1555	0	0	2020	1737	1706	0	0	2015	1796	0	0	2258	1695	1757	0	0
E2211	0	1652	1927	1710	0	0	1590	1879	1769	0	0	1769	2027	0	0	1762	1869	1870	0	0
E2213	0	2514	2908	2507	0	0	2434	2599	2398	0	0	2620	2775	0	0	2678	2706	2832	0	0
E2231	0	2230	2883	1939	0	0	2254	2498	1886	0	0	2600	2433	0	0	2329	2489	2015	0	0
E2310	1277	0	0	0	0	1278	0	0	0	0	1149	0	0	0	0	0	0	0	0	0
E2311	2501	0	0	0	0	2781	0	0	0	0	2534	0	0	0	0	0	0	0	0	0
E2321	701	0	0	0	0	703	0	0	0	0	662	0	0	0	0	0	0	0	0	0
E2360	0	14	14	7	0	0	19	23	2	0	0	11	8	0	0	9	10	2	0	0
E2361	13067	9827	8260	7969	0	13962	9438	9642	8803	0	12780	9216	9722	0	0	11294	8266	8369	0	0
E2362	0	3	4	50	0	0	3	27	27	0	0	8	40	0	0	3	9	33	0	0
E2363	4768	3420	3238	2994	0	5043	3938	3721	3365	0	4380	3944	3534	0	0	4058	3682	3459	0	0
E2364	0	28	58	20	0	0	24	33	10	0	0	24	46	0	0	13	58	68	0	0
E2365	45385	30931	17566	14524	0	49412	27745	21933	16790	0	45668	23457	22596	0	0	38243	18858	17314	0	0
E2366	8295	7886	7007	5649	0	8932	7793	8600	6573	0	9092	7459	9447	0	0	8763	6414	7088	0	0
E2367	0	156	139	105	0	0	167	93	107	0	0	159	139	0	0	207	151	90	0	0
E2368	0	374	349	270	0	0	374	353	304	0	0	369	333	0	0	363	426	294	0	0
E2369	0	175	126	120	0	0	192	148	144	0	0	172	157	0	0	191	153	139	0	0
E2370	6505	6397	5469	5432	0	7503	5636	6605	6034	0	7511	5714	7202	0	0	7551	5201	5963	0	0
E2371	0	14	13	2	0	0	17	9	11	0	0	13	12	0	0	22	7	5	0	0
E2374	5187	0	0	0	0	5814	0	0	0	0	6069	0	0	0	0	0	0	0	0	0
E2375	2761	0	0	0	0	3429	0	0	0	0	3661	0	0	0	0	0	0	0	0	0
E2377	2395	0	0	0	0	2732	0	0	0	0	2429	0	0	0	0	0	0	0	0	0
E2381	0	950	712	414	0	0	1082	1015	581	0	0	1246	1038	0	0	1191	1037	549	0	0
E2383	0	243	185	151	0	0	232	202	137	0	0	258	202	0	0	296	268	226	0	0
E2384	0	521	512	415	0	0	574	603	347	0	0	655	536	0	0	555	629	432	0	0
E2386	6253	6443	6468	5971	0	6757	6033	7529	6949	0	7118	6859	8098	0	0	7392	6491	7057	0	0
E2387	0	2222	2563	2196	0	0	2505	2587	2410	0	0	2850	2527	0	0	2425	2790	2332	0	0
E2391	0	1315	925	672	0	0	1103	1132	806	0	0	1305	1237	0	0	1462	1146	964	0	0
E2392	0	6729	4838	4931	0	0	5127	5922	5826	0	0	5490	6360	0	0	8391	4793	5707	0	0
E2394	0	2664	3506	3232	0	0	2619	3884	3786	0	0	3052	4250	0	0	3032	3078	3824	0	0
E2395	0	1824	2427	1838	0	0	2057	2898	2400	0	0	2264	3252	0	0	2108	2120	2570	0	0
E2396	0	786	928	770	0	0	847	1089	849	0	0	869	992	0	0	930	757	888	0	0
E2402	32054	29814	30742	29067	0	32429	31592	31155	31282	0	31629	32345	31121	0	0	30870	32111	30274	0	0
E2601	42223	40465	32263	33605	0	42817	40400	33674	34795	0	39952	31408	33226	0	0	39295	32764	32629	0	0
E2602	0	1368	1360	1226	0	0	1420	1437	1361	0	0	1268	1431	0	0	1359	1341	1326	0	0
E2603	0	4286	3005	2644	0	0	4120	3306	2836	0	0	3528	3198	0	0	4407	3241	2999	0	0
E2604	0	266	214	263	0	0	282	307	257	0	0	263	326	0	0	273	216	282	0	0
E2605	0	1000	727	624	0	0	919	846	704	0	0	875	783	0	0	1230	873	741	0	0
E2606	0	53	56	57	0	0	50	52	43	0	0	50	61	0	0	92	64	64	0	0
E2607	0	3513	3233	2731	0	0	3330	3276	2766	0	0	3271	3221	0	0	4030	3359	3055	0	0
L2136	0	0	29	22	0	0	0	23	19	0	0	12	33	0	0	0	13	37	0	0
L2180	0	0	70	66	0	0	0	65	60	0	0	71	75	0	0	0	64	79	0	0
L2182	0	0	27	12	0	0	0	23	33	0	0	26	30	0	0	0	25	18	0	0
L2184	0	0	12	10	0	0	0	4	9	0	0	7	9	0	0	0	9	15	0	0
L2186	0	0	25	20	0	0	0	13	21	0	0	20	24	0	0	0	34	30	0	0
L2188	0	0	3	1	0	0	0	3	4	0	0	2	1	0	0	0	4	3	0	0
L2190	0	0	3	2	0	0	0	3	2	0	0	4	3	0	0	0	4	1	0	0
L2192	0	0	9	8	0	0	0	7	4	0	0	8	10	0	0	0	11	10	0	0
L2200	0	0	1861	1844	0	0	0	2115	2192	0	0	2308	2256	0	0	0	2174	2194	0	0
L2210	0	0	2955	2763	0	0	0	3423	3150	0	0	3576	3318	0	0	0	3399	3433	0	0
L2220	0	0	2663	2436	0	0	0	2982	2792	0	0	2992	3068	0	0	0	3030	2915	0	0
L2230	0	0	464	446	0	0	0	556	576	0	0	704	564	0	0	0	626	576	0	0
L2232	0	0	345	309	0	0	0	383	335	0	0	427	354	0	0	0	430	341	0	0
L2240	0	0	20	20	0	0	0	27	26	0	0	17	18	0	0	0	25	23	0	0
L2250	0	0	636	541	0	0	0	710	621	0	0	897	653	0	0	0	699	643	0	0
L2260	0	0	108	89	0	0	0	112	115	0	0	114	115	0	0	0	119	125	0	0
L2265	0	0	834	807	0	0	0	951	935	0	0	1030	971	0	0	0	1070	1024	0	0
L2270	0	0	3540	3453	0	0	0	4010	3921	0	0	4323	4204	0	0	0	4105	4139	0	0
L2275	0	0	7984	7973	0	0	0	9140	9225	0	0	9657	9709	0	0	0	9511	9382	0	0
L2280	0	0	1718	1718	0	0	0	2002	1859	0	0	2035	2006	0	0	0	1976	1821	0	0
L2300	0	0	5	4	0	0	0	3	4	0	0	17	1	0	0	0	12	6	0	0
L2310	0	0	11	7	0	0	0	8	6	0	0	10	3	0	0	0	9	6	0	0
L2320	0	0	122	126	0	0	0	150	137	0	0	200	151	0	0	0	177	183	0	0
L2330	0	0	5799	5789	0	0	0	6638	7091	0	0	6458	6671	0	0	0	6588	6917	0	0
L2335	0	0	63	50	0	0	0	57	63	0	0	54	107	0	0	0	33	85	0	0
L2340	0	0	1288	1262	0	0	0	1423	1336	0	0	1660	1390	0	0	0	1493	1313	0	0
L2350	0	0	198	174	0	0	0	211	152	0	0	228	205	0	0	0	221	179	0	0
L2360	0	0	756	638	0	0	0	858	718	0	0	871	873	0	0	0	855	859	0	0
L2370	0	0	37	31	0	0	0	57	27	0	0	61	54	0	0	0	71	44	0	0
L2375	0	0	11	8	0	0	0	6	15	0	0	16	12	0	0	0	10	9	0	0
L2380	0	0	20	10	0	0	0	18	12	0	0	21	22	0	0	0	14	13	0	0
L2385	0	0	363	360	0	0	0	389	383	0	0	420	364	0	0	0	422	366	0	0
L2387	0	0	65	69	0	0	0	111	93	0	0	97	88	0	0	0	98	97	0	0
L2390	0	0	200	211	0	0	0	226	242	0	0	223	253	0	0	0	242	280	0	0
L2395	0	0	146	159	0	0	0	200	202	0	0	197	188	0	0	0	179	191	0	0
L2397	0	0	12166	22693	0	0	0	15179	31000	0	0	7098	18643	0	0	0	10849	21878	0	0
L2405	0	0	457	442	0	0	0	547	508	0	0	522	503	0	0	0	506	508	0	0
L2415	0	0	476	449	0	0	0	481	488	0	0	496	450	0	0	0	512	461	0	0
L2425	0	0	411	440	0	0	0	454	489	0	0	490	487	0	0	0	455	614	0	0
L2430	0	0	177	144	0	0	0	161	177	0	0	221	171	0	0	0	183	160	0	0
L2492	0	0	121	82	0	0	0	116	134	0	0	145	101	0	0	0	104	106	0	0
L2500	0	0	6	11	0	0	0	12	8	0	0	16	9	0	0	0	11	10	0	0
L2510	0	0	42	44	0	0	0	44	50	0	0	66	50	0	0	0	56	42	0	0
L2520	0	0	4	7	0	0	0	4	10	0	0	4	13	0	0	0	3	6	0	0
L2525	0	0	88	65	0	0	0	63	75	0	0	74	78	0	0	0	72	71	0	0
L2526	0	0	11	5	0	0	0	13	11	0	0	16	15	0	0	0	12	13	0	0
L2530	0	0	17	17	0	0	0	27	24	0	0	28	18	0	0	0	31	24	0	0
L2540	0	0	35	32	0	0	0	34	23	0	0	31	42	0	0	0	25	28	0	0
L2550	0	0	68	58	0	0	0	69	61	0	0	104	66	0	0	0	53	69	0	0
L2570	0	0	8	5	0	0	0	10	8	0	0	9	7	0	0	0	5	5	0	0
L2580	0	0	1	0	0	0	0	1	1	0	0	1	0	0	0	0	0	3	0	0
L2600	0	0	6	3	0	0	0	7	3	0	0	11	5	0	0	0	14	5	0	0
L2610	0	0	7	6	0	0	0	15	10	0	0	17	11	0	0	0	12	6	0	0
L2620	0	0	27	21	0	0	0	21	24	0	0	19	19	0	0	0	24	28	0	0
L2622	0	0	31	34	0	0	0	40	30	0	0	39	49	0	0	0	33	32	0	0
L2624	0	0	236	225	0	0	0	257	235	0	0	271	237	0	0	0	209	240	0	0
L2627	0	0	6	7	0	0	0	7	1	0	0	4	5	0	0	0	5	3	0	0
L2628	0	0	4	6	0	0	0	5	7	0	0	4	5	0	0	0	2	11	0	0
L2630	0	0	14	8	0	0	0	13	9	0	0	11	13	0	0	0	27	16	0	0
L2640	0	0	14	13	0	0	0	19	5	0	0	34	12	0	0	0	17	17	0	0
L2650	0	0	9	8	0	0	0	11	7	0	0	4	7	0	0	0	6	11	0	0
L2660	0	0	1	2	0	0	0	1	0	0	0	7	5	0	0	0	5	8	0	0
L2670	0	0	1	3	0	0	0	0	2	0	0	1	2	0	0	0	0	0	0	0
L2680	0	0	6	8	0	0	0	7	1	0	0	2	6	0	0	0	2	8	0	0
L2750	0	0	18	26	0	0	0	39	36	0	0	23	20	0	0	0	28	34	0	0
L2755	0	0	1904	2120	0	0	0	2219	2373	0	0	2195	2335	0	0	0	2197	2378	0	0
L2760	0	0	27	37	0	0	0	42	78	0	0	38	59	0	0	0	41	51	0	0
L2768	0	0	22	47	0	0	0	41	51	0	0	38	42	0	0	0	47	55	0	0
L2770	0	0	2	1	0	0	0	0	0	0	0	0	0	0	0	0	1	1	0	0
L2780	0	0	1285	1231	0	0	0	1463	1416	0	0	1600	1508	0	0	0	1498	1464	0	0
L2785	0	0	208	202	0	0	0	237	238	0	0	221	201	0	0	0	214	226	0	0
L2795	0	0	1350	1563	0	0	0	1620	1620	0	0	1390	1535	0	0	0	1158	1554	0	0
L2800	0	0	134	121	0	0	0	158	174	0	0	167	175	0	0	0	162	167	0	0
L2810	0	0	1396	1562	0	0	0	1318	1890	0	0	830	1549	0	0	0	1026	1863	0	0
L2820	0	0	18029	17577	0	0	0	20654	20757	0	0	20925	21284	0	0	0	20519	20809	0	0
L2830	0	0	1260	1228	0	0	0	1356	1309	0	0	1455	1340	0	0	0	1375	1308	0	0
L2840	0	0	634	548	0	0	0	697	666	0	0	625	573	0	0	0	613	633	0	0
L2850	0	0	168	140	0	0	0	164	130	0	0	180	156	0	0	0	160	166	0	0
L2861	0	0	3	7	0	0	0	9	10	0	0	5	16	0	0	0	10	3	0	0
L2999	0	0	1141	1187	0	0	0	1262	1368	0	0	1323	1250	0	0	0	1136	1259	0	0
L3000	0	0	10824	10940	0	0	0	12718	12934	0	0	11935	13329	0	0	0	12164	12918	0	0
L3001	0	0	136	125	0	0	0	297	185	0	0	203	257	0	0	0	242	171	0	0
L3002	0	0	1449	1318	0	0	0	2097	1627	0	0	1284	1502	0	0	0	1585	1612	0	0
L3003	0	0	34	29	0	0	0	42	38	0	0	53	37	0	0	0	43	25	0	0
L3010	0	0	2159	2110	0	0	0	2648	2613	0	0	2434	2494	0	0	0	2446	2581	0	0
L3020	0	0	6711	6489	0	0	0	7667	7565	0	0	7497	7879	0	0	0	7691	7459	0	0
L3030	0	0	2384	2378	0	0	0	2802	3055	0	0	2005	2752	0	0	0	2026	3163	0	0
L3031	0	0	282	312	0	0	0	365	325	0	0	255	305	0	0	0	213	351	0	0
L3040	0	0	2021	1928	0	0	0	2605	2217	0	0	2465	2230	0	0	0	2150	2129	0	0
L3050	0	0	408	338	0	0	0	393	408	0	0	504	469	0	0	0	449	385	0	0
L3060	0	0	1320	1251	0	0	0	1606	1622	0	0	1475	1534	0	0	0	1470	1427	0	0
L3070	0	0	28	121	0	0	0	36	238	0	0	102	103	0	0	0	29	253	0	0
L3080	0	0	165	160	0	0	0	165	156	0	0	173	157	0	0	0	162	135	0	0
L3090	0	0	40	40	0	0	0	43	59	0	0	50	65	0	0	0	42	51	0	0
L3100	0	0	891	756	0	0	0	794	683	0	0	685	597	0	0	0	728	715	0	0
L3140	0	0	2	0	0	0	0	3	0	0	0	0	0	0	0	0	2	0	0	0
L3150	0	0	0	0	0	0	0	1	0	0	0	0	0	0	0	0	0	0	0	0
L3160	0	0	2	1	0	0	0	5	1	0	0	7	3	0	0	0	0	5	0	0
L3170	0	0	1089	1171	0	0	0	1231	1389	0	0	1174	1321	0	0	0	1106	1119	0	0
L3201	0	0	5	0	0	0	0	3	2	0	0	2	0	0	0	0	2	1	0	0
L3202	0	0	5	6	0	0	0	2	8	0	0	3	5	0	0	0	1	2	0	0
L3203	0	0	0	0	0	0	0	5	2	0	0	3	4	0	0	0	2	6	0	0
L3204	0	0	0	0	0	0	0	0	0	0	0	0	0	0	0	0	2	0	0	0
L3206	0	0	0	1	0	0	0	1	2	0	0	2	0	0	0	0	4	3	0	0
L3207	0	0	1	2	0	0	0	0	0	0	0	0	2	0	0	0	0	4	0	0
L3208	0	0	0	0	0	0	0	0	0	0	0	1	0	0	0	0	0	0	0	0
L3209	0	0	1	1	0	0	0	4	2	0	0	0	3	0	0	0	0	1	0	0
L3211	0	0	14	3	0	0	0	20	10	0	0	14	36	0	0	0	22	3	0	0
L3214	0	0	0	1	0	0	0	0	0	0	0	0	0	0	0	0	0	0	0	0
L3215	0	0	174	211	0	0	0	234	270	0	0	208	206	0	0	0	187	263	0	0
L3216	0	0	2720	2495	0	0	0	3739	3836	0	0	2762	3127	0	0	0	2802	3270	0	0
L3217	0	0	86	126	0	0	0	116	147	0	0	78	126	0	0	0	112	190	0	0
L3219	0	0	173	215	0	0	0	200	241	0	0	185	216	0	0	0	232	223	0	0
L3221	0	0	1643	1561	0	0	0	2037	2228	0	0	1622	1802	0	0	0	1569	1876	0	0
L3222	0	0	107	160	0	0	0	136	150	0	0	101	138	0	0	0	142	166	0	0
L3224	0	0	564	565	0	0	0	630	629	0	0	707	668	0	0	0	758	771	0	0
L3225	0	0	490	488	0	0	0	585	603	0	0	622	606	0	0	0	656	596	0	0
L3230	0	0	291	353	0	0	0	360	424	0	0	289	386	0	0	0	327	388	0	0
L3250	0	0	33	41	0	0	0	37	37	0	0	28	60	0	0	0	42	71	0	0
L3251	0	0	16	15	0	0	0	13	7	0	0	20	13	0	0	0	9	13	0	0
L3252	0	0	38	30	0	0	0	62	48	0	0	35	42	0	0	0	50	35	0	0
L3253	0	0	23	13	0	0	0	25	20	0	0	32	26	0	0	0	23	22	0	0
L3254	0	0	140	115	0	0	0	226	211	0	0	246	199	0	0	0	242	210	0	0
L3255	0	0	24	22	0	0	0	57	38	0	0	82	40	0	0	0	87	34	0	0
L3257	0	0	67	66	0	0	0	78	74	0	0	98	74	0	0	0	63	80	0	0
L3260	18029	17342	18315	17903	0	19190	18782	20565	20309	0	19415	19992	21034	0	0	17193	18291	17971	0	0
L3265	0	0	809	693	0	0	0	814	699	0	0	835	819	0	0	0	763	747	0	0
L3300	0	0	346	341	0	0	0	356	425	0	0	419	415	0	0	0	384	400	0	0
L3310	0	0	1343	1240	0	0	0	1652	1508	0	0	1613	1559	0	0	0	1638	1580	0	0
L3320	0	0	59	61	0	0	0	101	107	0	0	76	92	0	0	0	91	80	0	0
L3330	0	0	5	11	0	0	0	3	10	0	0	10	6	0	0	0	6	5	0	0
L3332	0	0	1090	1118	0	0	0	1328	1334	0	0	1206	1241	0	0	0	1197	1116	0	0
L3334	0	0	258	311	0	0	0	322	319	0	0	308	304	0	0	0	335	264	0	0
L3340	0	0	65	15	0	0	0	55	30	0	0	74	30	0	0	0	93	29	0	0
L3350	0	0	587	591	0	0	0	672	657	0	0	719	709	0	0	0	592	693	0	0
L3360	0	0	91	73	0	0	0	100	96	0	0	91	91	0	0	0	102	115	0	0
L3370	0	0	66	45	0	0	0	84	81	0	0	96	83	0	0	0	111	60	0	0
L3380	0	0	11	7	0	0	0	11	15	0	0	8	19	0	0	0	11	12	0	0
L3390	0	0	276	268	0	0	0	385	353	0	0	344	339	0	0	0	365	329	0	0
L3400	0	0	306	331	0	0	0	384	394	0	0	431	390	0	0	0	430	414	0	0
L3410	0	0	111	124	0	0	0	134	106	0	0	122	166	0	0	0	150	144	0	0
L3420	0	0	85	104	0	0	0	136	121	0	0	149	134	0	0	0	126	142	0	0
L3430	0	0	64	62	0	0	0	80	59	0	0	80	130	0	0	0	84	88	0	0
L3440	0	0	43	31	0	0	0	82	68	0	0	27	47	0	0	0	45	32	0	0
L3450	0	0	66	58	0	0	0	88	93	0	0	58	129	0	0	0	76	90	0	0
L3455	0	0	5	2	0	0	0	3	5	0	0	6	7	0	0	0	1	5	0	0
L3460	0	0	71	65	0	0	0	89	73	0	0	77	86	0	0	0	66	83	0	0
L3465	0	0	12	5	0	0	0	13	8	0	0	8	7	0	0	0	8	3	0	0
L3470	0	0	4	13	0	0	0	3	7	0	0	6	6	0	0	0	1	7	0	0
L3480	539	387	291	410	0	512	460	376	510	0	486	437	424	0	0	451	371	500	0	0
L3485	0	0	403	316	0	0	0	482	358	0	0	523	432	0	0	0	403	358	0	0
L3500	0	0	13	11	0	0	0	15	13	0	0	11	5	0	0	0	5	8	0	0
L3510	73	81	68	64	0	92	82	67	74	0	88	79	47	0	0	95	65	58	0	0
L3520	0	0	14	12	0	0	0	10	11	0	0	13	11	0	0	0	13	7	0	0
L3530	0	0	39	48	0	0	0	24	34	0	0	36	41	0	0	0	41	29	0	0
L3540	0	0	250	276	0	0	0	309	288	0	0	316	300	0	0	0	323	306	0	0
L3550	0	0	23	26	0	0	0	35	35	0	0	35	42	0	0	0	46	35	0	0
L3560	0	0	11	12	0	0	0	30	11	0	0	11	16	0	0	0	21	17	0	0
L3570	0	0	8	1	0	0	0	2	1	0	0	6	6	0	0	0	5	4	0	0
L3580	0	0	204	185	0	0	0	236	239	0	0	221	253	0	0	0	241	224	0	0
L3590	0	0	1	4	0	0	0	4	5	0	0	0	5	0	0	0	6	2	0	0
L3595	0	0	5	5	0	0	0	6	6	0	0	3	9	0	0	0	5	2	0	0
L3600	0	0	84	90	0	0	0	83	81	0	0	116	112	0	0	0	127	87	0	0
L3610	0	0	152	146	0	0	0	231	218	0	0	211	224	0	0	0	228	230	0	0
L3620	0	0	315	347	0	0	0	426	385	0	0	430	409	0	0	0	460	366	0	0
L3630	0	0	195	176	0	0	0	206	201	0	0	243	201	0	0	0	225	219	0	0
L3640	0	0	5	2	0	0	0	0	1	0	0	1	0	0	0	0	0	2	0	0
L3649	0	0	409	323	0	0	0	430	322	0	0	561	375	0	0	0	458	357	0	0
L3650	6547	6876	8403	6220	0	6506	6978	7807	6186	0	6506	7442	7470	0	0	6480	7856	6999	0	0
L3660	2815	3189	3786	7619	0	2715	3254	3681	8410	0	2852	3168	4508	0	0	3034	3348	5982	0	0
L3670	17521	18631	22040	22635	0	15649	17828	20440	20610	0	15344	17505	20367	0	0	16428	18555	20040	0	0
L3671	0	0	171	124	0	0	0	112	142	0	0	119	105	0	0	0	122	124	0	0
L3674	0	0	12	5	0	0	0	3	4	0	0	16	7	0	0	0	13	3	0	0
L3675	0	0	657	584	0	0	0	541	533	0	0	517	431	0	0	0	468	492	0	0
L3677	0	0	47	36	0	0	0	40	46	0	0	47	37	0	0	0	43	35	0	0
L3678	0	0	4	2	0	0	0	12	6	0	0	0	4	0	0	0	0	2	0	0
L3701	0	0	1	0	0	0	0	0	0	0	0	0	0	0	0	0	0	0	0	0
L3702	0	0	679	519	0	0	0	612	523	0	0	614	616	0	0	0	652	569	0	0
L3710	254	295	330	439	0	265	298	345	283	0	244	356	390	0	0	237	298	479	0	0
L3720	0	0	96	67	0	0	0	69	74	0	0	88	49	0	0	0	87	60	0	0
L3730	0	0	96	56	0	0	0	80	50	0	0	83	55	0	0	0	86	60	0	0
L3740	0	0	74	80	0	0	0	90	108	0	0	69	65	0	0	0	66	60	0	0
L3760	0	0	3200	3170	0	0	0	3301	3307	0	0	3207	3440	0	0	0	3194	3358	0	0
L3762	0	0	823	932	0	0	0	853	1149	0	0	845	861	0	0	0	794	882	0	0
L3763	0	0	605	494	0	0	0	466	503	0	0	493	540	0	0	0	484	472	0	0
L3764	0	0	38	26	0	0	0	28	34	0	0	49	30	0	0	0	34	25	0	0
L3765	0	0	25	25	0	0	0	34	23	0	0	16	36	0	0	0	30	31	0	0
L3766	0	0	74	75	0	0	0	81	99	0	0	75	81	0	0	0	93	98	0	0
L3800	0	0	1	0	0	0	0	0	0	0	0	0	0	0	0	0	0	0	0	0
L3805	0	0	0	0	0	0	0	0	1	0	0	0	0	0	0	0	0	0	0	0
L3806	0	0	481	381	0	0	0	431	374	0	0	390	407	0	0	0	378	373	0	0
L3807	21310	24061	20634	14682	0	22462	25582	18585	14442	0	22633	25028	16996	0	0	23740	24246	15366	0	0
L3808	0	0	6409	5489	0	0	0	5916	5629	0	0	5306	5410	0	0	0	5460	5600	0	0
L3809	0	0	5236	11161	0	0	0	8157	13247	0	0	0	9158	0	0	0	0	10438	0	0
L3810	0	0	2	0	0	0	0	0	0	0	0	0	0	0	0	0	0	0	0	0
L3820	0	0	0	0	0	0	0	0	6	0	0	0	0	0	0	0	0	0	0	0
L3891	0	0	4	2	0	0	0	3	45	0	0	9	3	0	0	0	4	17	0	0
L3900	0	0	141	101	0	0	0	129	168	0	0	131	115	0	0	0	118	105	0	0
L3901	0	0	18	10	0	0	0	7	14	0	0	20	11	0	0	0	13	7	0	0
L3904	0	0	2	0	0	0	0	0	2	0	0	0	2	0	0	0	0	2	0	0
L3905	0	0	155	141	0	0	0	147	123	0	0	98	152	0	0	0	129	128	0	0
L3906	0	0	4363	3768	0	0	0	3889	3799	0	0	3174	3685	0	0	0	3267	3695	0	0
L3907	0	0	0	0	0	0	0	0	1	0	0	0	0	0	0	0	0	0	0	0
L3908	71231	70282	73563	71630	0	72766	73974	74131	74490	0	69749	71505	72897	0	0	69079	70220	69967	0	0
L3911	0	0	0	0	0	0	0	0	0	0	0	0	2	0	0	0	0	0	0	0
L3912	0	0	357	328	0	0	0	369	296	0	0	336	297	0	0	0	342	320	0	0
L3913	0	0	5429	5046	0	0	0	5264	4989	0	0	4033	4748	0	0	0	4487	4942	0	0
L3915	0	0	224	204	0	0	0	302	193	0	0	226	258	0	0	0	222	209	0	0
L3916	0	0	17	21	0	0	0	17	36	0	0	0	27	0	0	0	0	18	0	0
L3917	0	0	210	163	0	0	0	191	169	0	0	217	190	0	0	0	227	164	0	0
L3918	0	0	10	46	0	0	0	17	60	0	0	0	16	0	0	0	0	44	0	0
L3919	0	0	763	635	0	0	0	718	601	0	0	597	616	0	0	0	605	650	0	0
L3921	0	0	295	205	0	0	0	274	204	0	0	221	197	0	0	0	232	198	0	0
L3923	8446	8721	8573	6143	0	8584	9181	7847	6116	0	7953	8444	6677	0	0	8233	8238	6330	0	0
L3924	0	0	920	3463	0	0	0	1743	3837	0	0	0	2401	0	0	0	1	2942	0	0
L3925	0	0	1017	852	0	0	0	1013	1018	0	0	887	994	0	0	0	967	901	0	0
L3927	0	0	753	736	0	0	0	825	824	0	0	670	736	0	0	0	657	725	0	0
L3928	0	0	0	1	0	0	0	0	0	0	0	1	0	0	0	0	0	0	0	0
L3929	0	0	586	395	0	0	0	512	356	0	0	473	448	0	0	0	425	430	0	0
L3930	0	0	12	37	0	0	0	42	27	0	0	0	19	0	0	0	0	38	0	0
L3931	0	0	678	528	0	0	0	644	510	0	0	672	555	0	0	0	565	504	0	0
L3933	0	0	3117	3033	0	0	0	3054	3215	0	0	2579	2772	0	0	0	2665	2915	0	0
L3935	0	0	313	220	0	0	0	223	203	0	0	192	220	0	0	0	170	218	0	0
L3936	0	0	0	0	0	0	0	0	0	0	0	0	1	0	0	0	0	0	0	0
L3954	0	0	1	1	0	0	0	0	0	0	0	0	1	0	0	0	1	1	0	0
L3956	0	0	12	4	0	0	0	13	10	0	0	6	7	0	0	0	4	7	0	0
L3960	0	0	2821	3497	0	0	0	2789	4119	0	0	2328	3139	0	0	0	2571	3211	0	0
L3961	0	0	3	8	0	0	0	5	1	0	0	2	3	0	0	0	4	4	0	0
L3962	0	0	40	40	0	0	0	43	37	0	0	55	52	0	0	0	62	50	0	0
L3967	0	0	0	1	0	0	0	4	1	0	0	0	1	0	0	0	1	1	0	0
L3970	0	0	1	0	0	0	0	0	0	0	0	0	0	0	0	0	0	0	0	0
L3971	0	0	3	4	0	0	0	5	1	0	0	3	6	0	0	0	4	0	0	0
L3973	0	0	4	3	0	0	0	7	5	0	0	4	3	0	0	0	5	2	0	0
L3975	0	0	1	0	0	0	0	0	0	0	0	2	0	0	0	0	0	1	0	0
L3976	0	0	0	0	0	0	0	0	0	0	0	3	0	0	0	0	0	0	0	0
L3977	0	0	2	1	0	0	0	1	3	0	0	1	1	0	0	0	0	0	0	0
L3978	0	0	2	0	0	0	0	0	0	0	0	0	1	0	0	0	1	1	0	0
L3980	0	0	1273	1201	0	0	0	1141	1099	0	0	1142	1187	0	0	0	1163	1209	0	0
L3982	0	0	1198	1180	0	0	0	1124	1173	0	0	1048	1167	0	0	0	1181	1099	0	0
L3984	0	0	1856	1887	0	0	0	1810	2233	0	0	1570	1871	0	0	0	1535	1819	0	0
L3995	0	0	1150	964	0	0	0	965	917	0	0	912	886	0	0	0	835	846	0	0
L3999	0	0	537	550	0	0	0	641	619	0	0	476	566	0	0	0	487	508	0	0
L4000	0	0	0	0	0	0	0	2	1	0	0	0	2	0	0	0	0	1	0	0
L4002	0	0	1832	1767	0	0	0	2327	2028	0	0	2115	2174	0	0	0	1805	1851	0	0
L4020	0	0	0	0	0	0	0	0	0	0	0	3	0	0	0	0	3	1	0	0
L4030	0	0	0	0	0	0	0	0	0	0	0	1	0	0	0	0	1	0	0	0
L4040	0	0	5	1	0	0	0	6	3	0	0	1	3	0	0	0	4	1	0	0
L4045	0	0	6	10	0	0	0	8	9	0	0	10	8	0	0	0	15	7	0	0
L4050	0	0	9	7	0	0	0	4	8	0	0	13	7	0	0	0	7	12	0	0
L4055	0	0	10	13	0	0	0	13	17	0	0	13	15	0	0	0	17	12	0	0
L4060	0	0	6	11	0	0	0	14	11	0	0	17	17	0	0	0	15	10	0	0
L4070	0	0	47	30	0	0	0	37	36	0	0	40	43	0	0	0	47	45	0	0
L4080	0	0	16	9	0	0	0	11	12	0	0	11	10	0	0	0	15	9	0	0
L4090	0	0	37	27	0	0	0	39	29	0	0	43	29	0	0	0	40	34	0	0
L4100	0	0	40	38	0	0	0	72	37	0	0	45	45	0	0	0	54	41	0	0
L4110	0	0	172	142	0	0	0	199	161	0	0	200	210	0	0	0	208	153	0	0
L4130	0	0	5	3	0	0	0	3	3	0	0	2	5	0	0	0	3	3	0	0
L4205	0	0	4097	3810	0	0	0	5019	4314	0	0	4811	4666	0	0	0	4321	4117	0	0
L4210	0	0	1802	1640	0	0	0	2093	2096	0	0	2286	2006	0	0	0	2053	1833	0	0
L4350	8823	8643	9292	8712	0	10368	10353	10528	10349	0	10423	10424	10761	0	0	8998	9051	9021	0	0
L4360	41627	43851	43651	31289	0	44890	47588	41416	30802	0	45470	50459	39674	0	0	44040	47832	33824	0	0
E2608	0	226	237	187	0	0	250	242	180	0	0	250	235	0	0	277	264	220	0	0
E2611	18105	18715	15394	16884	0	18915	19276	16715	17381	0	17940	14955	15969	0	0	17869	16192	15871	0	0
E2612	0	505	480	509	0	0	534	584	566	0	0	397	536	0	0	457	497	488	0	0
E2613	0	1117	1139	1129	0	0	1119	1121	1100	0	0	1090	1200	0	0	1282	1138	1164	0	0
E2614	0	38	38	32	0	0	31	38	36	0	0	35	47	0	0	61	34	38	0	0
E2615	0	1342	1193	1185	0	0	1293	1143	1136	0	0	1191	1197	0	0	1485	1253	1206	0	0
E2616	0	95	76	68	0	0	95	61	59	0	0	71	67	0	0	76	62	59	0	0
E2620	3165	2803	3363	2993	0	3438	2898	3683	3375	0	3151	3368	3618	0	0	3307	3669	3669	0	0
E2621	0	89	115	126	0	0	59	154	142	0	0	132	161	0	0	105	150	150	0	0
G0399	0	0	0	0	0	0	0	0	0	0	0	0	0	0	0	1	0	0	0	0
K0001	469041	457656	426876	410878	0	463874	448473	412045	407728	0	457613	445779	413584	0	0	450650	433964	404458	0	0
K0002	18563	18281	19000	22337	0	18678	18282	19537	22792	0	18578	18403	20877	0	0	18169	18316	21640	0	0
K0003	265437	243678	203749	175365	0	260687	235877	190343	175012	0	252763	226733	182523	0	0	244416	214131	175555	0	0
K0004	176635	159760	114240	61073	0	170357	153718	94551	53791	0	166020	144701	78824	0	0	160558	129815	67619	0	0
K0005	2495	0	0	0	0	2488	0	0	0	0	2338	0	0	0	0	0	0	0	0	0
K0006	29294	27642	24136	22779	0	28742	27258	22571	23212	0	28003	26506	22526	0	0	27150	24965	22231	0	0
K0007	21606	21119	18307	17228	0	21353	20534	17550	17014	0	20991	19915	17512	0	0	20656	18641	17229	0	0
K0015	0	855	720	552	0	0	783	765	698	0	0	970	764	0	0	931	804	542	0	0
K0019	0	7988	5922	6154	0	0	7339	6511	6834	0	0	7366	6566	0	0	8724	6494	6135	0	0
K0040	0	4808	5725	5212	0	0	4711	5732	5322	0	0	5162	6008	0	0	5540	5499	5758	0	0
K0052	0	3048	3025	3423	0	0	2774	4129	2568	0	0	3080	4710	0	0	2652	2874	3699	0	0
K0053	0	3631	2490	2006	0	0	3442	2136	1915	0	0	3231	2059	0	0	3287	2997	1966	0	0
K0056	0	2117	1676	1366	0	0	2184	1465	1226	0	0	2137	1543	0	0	2045	1908	1277	0	0
K0069	0	463	339	428	0	0	432	425	413	0	0	362	446	0	0	353	404	427	0	0
K0070	0	576	550	734	0	0	530	602	778	0	0	603	603	0	0	560	655	679	0	0
K0077	0	1260	1051	1412	0	0	1233	1180	1334	0	0	1091	1382	0	0	1145	1322	1310	0	0
K0108	49438	0	0	0	0	52523	0	0	0	0	51286	0	0	0	0	0	0	0	0	0
K0195	357166	299335	236052	223944	0	347546	281829	226095	223019	0	329427	266784	224282	0	0	308156	242255	217757	0	0
K0462	0	8969	8115	7067	0	0	7533	9454	7535	0	0	7904	9972	0	0	11129	7608	8017	0	0
K0738	196956	186470	214538	237686	0	190073	182339	220999	237984	0	181812	190701	227759	0	0	179193	200037	227727	0	0
K0739	77407	0	0	0	0	82159	0	0	0	0	81941	0	0	0	0	0	0	0	0	0
K0800	4489	3004	2252	2523	0	4825	2978	2524	2554	0	4525	2532	2875	0	0	3804	2495	2672	0	0
K0801	0	290	267	272	0	0	327	302	308	0	0	313	301	0	0	314	320	267	0	0
K0802	0	24	12	12	0	0	18	8	17	0	0	12	12	0	0	22	16	7	0	0
K0813	0	106	45	19	0	0	88	42	18	0	0	70	25	0	0	130	45	28	0	0
K0814	0	1288	696	140	0	0	1127	544	111	0	0	1012	380	0	0	1383	867	203	0	0
K0815	0	71	206	221	0	0	101	263	184	0	0	121	278	0	0	91	157	274	0	0
K0816	0	414	3055	6606	0	0	453	4415	6744	0	0	849	5776	0	0	456	1787	6539	0	0
L4361	0	0	6265	19594	0	0	0	10332	24812	0	0	0	14672	0	0	0	2	17355	0	0
L4370	0	0	127	126	0	0	0	154	133	0	0	132	122	0	0	0	129	126	0	0
L4380	0	0	0	1	0	0	0	0	2	0	0	3	0	0	0	0	1	1	0	0
L4386	15522	15032	14311	10341	0	16852	16305	13865	10403	0	16690	17108	13137	0	0	15305	15794	11221	0	0
L4387	0	0	1144	3956	0	0	0	2354	5330	0	0	0	3336	0	0	0	0	3685	0	0
L4392	0	0	35	33	0	0	0	32	26	0	0	36	35	0	0	0	35	35	0	0
L4394	0	0	10	12	0	0	0	8	8	0	0	14	9	0	0	0	14	8	0	0
L4396	14223	14085	13606	10729	0	15590	15525	14670	11565	0	16153	16538	15182	0	0	15043	14604	12597	0	0
L4397	0	0	538	2451	0	0	0	1188	3756	0	0	0	2018	0	0	0	2	2199	0	0
L4398	0	0	408	339	0	0	0	380	359	0	0	477	407	0	0	0	387	349	0	0
L4631	0	0	721	727	0	0	0	760	803	0	0	803	757	0	0	0	790	881	0	0
L5000	0	0	3453	3517	0	0	0	4193	4183	0	0	3977	3979	0	0	0	4038	4369	0	0
L5010	0	0	38	44	0	0	0	47	52	0	0	68	55	0	0	0	72	61	0	0
L5020	0	0	137	161	0	0	0	168	169	0	0	185	153	0	0	0	181	192	0	0
L5050	0	0	90	83	0	0	0	88	82	0	0	127	96	0	0	0	88	102	0	0
L5060	0	0	0	0	0	0	0	2	2	0	0	1	1	0	0	0	1	0	0	0
L5100	0	0	74	35	0	0	0	52	49	0	0	62	58	0	0	0	58	49	0	0
L5105	0	0	5	5	0	0	0	7	11	0	0	10	10	0	0	0	7	6	0	0
L5150	0	0	5	4	0	0	0	0	5	0	0	5	1	0	0	0	6	2	0	0
L5160	0	0	3	2	0	0	0	3	3	0	0	3	3	0	0	0	5	1	0	0
L5200	0	0	44	39	0	0	0	33	37	0	0	36	32	0	0	0	44	50	0	0
L5210	0	0	26	47	0	0	0	27	35	0	0	19	22	0	0	0	17	32	0	0
L5220	0	0	14	10	0	0	0	16	11	0	0	21	21	0	0	0	24	17	0	0
L5230	0	0	3	4	0	0	0	2	3	0	0	2	4	0	0	0	2	8	0	0
L5250	0	0	3	2	0	0	0	5	3	0	0	3	0	0	0	0	6	4	0	0
L5280	0	0	1	1	0	0	0	1	0	0	0	0	0	0	0	0	0	0	0	0
L5301	4928	4151	4174	4433	0	5318	4644	5020	4892	0	5133	4717	5064	0	0	4860	4915	5040	0	0
L5312	0	0	21	13	0	0	0	19	22	0	0	21	20	0	0	0	21	16	0	0
L5321	1602	1519	1437	1484	0	1729	1636	1661	1631	0	1529	1560	1631	0	0	1683	1645	1665	0	0
L5331	0	0	23	19	0	0	0	30	19	0	0	24	17	0	0	0	27	31	0	0
L5341	0	0	2	6	0	0	0	5	3	0	0	2	4	0	0	0	9	2	0	0
L5400	0	0	13	12	0	0	0	13	14	0	0	17	10	0	0	0	16	9	0	0
L5410	0	0	22	8	0	0	0	23	12	0	0	29	22	0	0	0	19	16	0	0
L5420	0	0	5	2	0	0	0	5	3	0	0	1	0	0	0	0	3	3	0	0
L5430	0	0	0	1	0	0	0	0	1	0	0	1	1	0	0	0	0	1	0	0
L5450	0	0	120	129	0	0	0	157	128	0	0	144	133	0	0	0	152	145	0	0
L5460	0	0	9	3	0	0	0	11	5	0	0	8	4	0	0	0	9	14	0	0
L5500	0	0	16	4	0	0	0	6	4	0	0	7	6	0	0	0	1	10	0	0
L5510	0	0	1	2	0	0	0	3	2	0	0	2	1	0	0	0	5	0	0	0
L5520	0	0	4	9	0	0	0	1	7	0	0	10	4	0	0	0	10	2	0	0
L5530	0	0	254	246	0	0	0	273	242	0	0	285	289	0	0	0	296	245	0	0
L5535	0	0	3	2	0	0	0	4	5	0	0	9	4	0	0	0	5	4	0	0
L5540	0	0	697	658	0	0	0	773	781	0	0	692	711	0	0	0	749	750	0	0
L5560	0	0	4	1	0	0	0	0	4	0	0	0	3	0	0	0	3	4	0	0
L5570	0	0	3	3	0	0	0	4	9	0	0	2	3	0	0	0	2	2	0	0
L5580	0	0	102	92	0	0	0	97	86	0	0	125	90	0	0	0	117	94	0	0
L5585	0	0	10	6	0	0	0	12	5	0	0	8	10	0	0	0	7	8	0	0
L5590	0	0	278	272	0	0	0	274	291	0	0	277	280	0	0	0	265	294	0	0
L5595	0	0	1	2	0	0	0	1	0	0	0	0	0	0	0	0	0	0	0	0
L5600	0	0	6	2	0	0	0	8	1	0	0	3	2	0	0	0	2	3	0	0
L5610	0	0	3	2	0	0	0	2	1	0	0	0	2	0	0	0	2	2	0	0
L5611	0	0	310	375	0	0	0	380	405	0	0	356	347	0	0	0	320	376	0	0
L5613	0	0	7	6	0	0	0	13	10	0	0	26	16	0	0	0	15	9	0	0
L5614	0	0	3	1	0	0	0	2	1	0	0	1	1	0	0	0	6	4	0	0
L5616	0	0	14	5	0	0	0	17	13	0	0	16	9	0	0	0	10	11	0	0
L5617	0	0	44	32	0	0	0	35	35	0	0	59	35	0	0	0	40	49	0	0
L5618	0	0	112	101	0	0	0	132	115	0	0	151	124	0	0	0	125	146	0	0
L5620	0	0	7842	8085	0	0	0	9318	9117	0	0	8807	9308	0	0	0	9016	9132	0	0
L5622	0	0	43	46	0	0	0	58	64	0	0	60	73	0	0	0	63	62	0	0
L5624	0	0	2980	2935	0	0	0	3340	3312	0	0	3181	3230	0	0	0	3248	3425	0	0
L5626	0	0	49	35	0	0	0	49	32	0	0	47	35	0	0	0	47	45	0	0
L5628	0	0	4	13	0	0	0	11	5	0	0	5	9	0	0	0	13	7	0	0
L5629	0	0	6672	6978	0	0	0	8087	7826	0	0	7584	8063	0	0	0	7735	7931	0	0
L5630	0	0	27	14	0	0	0	28	20	0	0	41	27	0	0	0	28	35	0	0
L5631	0	0	2429	2457	0	0	0	2813	2826	0	0	2650	2691	0	0	0	2790	2909	0	0
L5632	0	0	147	134	0	0	0	155	145	0	0	185	166	0	0	0	142	163	0	0
L5634	0	0	44	46	0	0	0	42	42	0	0	40	36	0	0	0	42	28	0	0
L5636	0	0	25	25	0	0	0	32	33	0	0	44	41	0	0	0	37	44	0	0
L5637	0	0	8015	8221	0	0	0	9552	9194	0	0	8955	9500	0	0	0	9204	9358	0	0
L5638	0	0	3	5	0	0	0	5	3	0	0	9	5	0	0	0	7	3	0	0
L5639	0	0	2	1	0	0	0	1	0	0	0	2	0	0	0	0	2	0	0	0
L5640	0	0	2	3	0	0	0	7	8	0	0	8	7	0	0	0	6	2	0	0
L5642	0	0	2	0	0	0	0	0	0	0	0	2	1	0	0	0	1	0	0	0
L5643	0	0	39	44	0	0	0	45	28	0	0	37	37	0	0	0	48	36	0	0
L5645	0	0	3594	3909	0	0	0	4314	4296	0	0	3799	4327	0	0	0	4151	4272	0	0
L5646	0	0	48	34	0	0	0	48	46	0	0	48	43	0	0	0	34	36	0	0
L5647	0	0	1841	2048	0	0	0	2352	2316	0	0	2104	2314	0	0	0	2152	2331	0	0
L5648	0	0	14	17	0	0	0	16	40	0	0	12	11	0	0	0	16	14	0	0
L5649	0	0	2757	2780	0	0	0	3149	3153	0	0	2987	3042	0	0	0	3041	3246	0	0
L5650	0	0	2975	2965	0	0	0	3368	3333	0	0	3206	3273	0	0	0	3345	3445	0	0
L5651	0	0	2543	2588	0	0	0	2941	2918	0	0	2699	2795	0	0	0	2808	2994	0	0
L5652	0	0	953	898	0	0	0	1147	1061	0	0	1020	1055	0	0	0	1064	1137	0	0
L5653	0	0	25	31	0	0	0	32	39	0	0	35	36	0	0	0	35	44	0	0
L5654	0	0	34	59	0	0	0	51	50	0	0	71	50	0	0	0	42	61	0	0
L5655	0	0	652	592	0	0	0	708	626	0	0	703	703	0	0	0	697	673	0	0
L5656	0	0	10	6	0	0	0	13	14	0	0	12	17	0	0	0	14	12	0	0
L5658	0	0	35	27	0	0	0	27	30	0	0	37	30	0	0	0	25	30	0	0
L5661	0	0	17	19	0	0	0	34	22	0	0	29	19	0	0	0	32	30	0	0
L5665	0	0	233	215	0	0	0	251	208	0	0	246	239	0	0	0	276	223	0	0
L5666	0	0	118	110	0	0	0	151	112	0	0	154	157	0	0	0	125	134	0	0
L5668	0	0	1510	1462	0	0	0	1790	1624	0	0	1778	1735	0	0	0	1770	1699	0	0
L5670	0	0	588	586	0	0	0	712	632	0	0	687	704	0	0	0	683	654	0	0
L5671	0	0	7147	7379	0	0	0	8453	8269	0	0	7856	8359	0	0	0	8059	8297	0	0
L5672	0	0	16	18	0	0	0	12	23	0	0	22	22	0	0	0	20	14	0	0
L5673	0	0	9650	9910	0	0	0	11526	11206	0	0	10890	11395	0	0	0	10879	11264	0	0
L5676	0	0	79	72	0	0	0	91	52	0	0	72	85	0	0	0	82	63	0	0
L5677	0	0	23	17	0	0	0	29	25	0	0	31	28	0	0	0	35	24	0	0
L5678	0	0	77	54	0	0	0	85	49	0	0	58	68	0	0	0	76	58	0	0
L5679	0	0	4452	4728	0	0	0	5632	5608	0	0	5197	5344	0	0	0	5163	5408	0	0
L5680	0	0	69	69	0	0	0	78	46	0	0	78	85	0	0	0	81	58	0	0
L5681	0	0	179	154	0	0	0	219	217	0	0	236	199	0	0	0	237	192	0	0
L5682	0	0	33	23	0	0	0	41	30	0	0	36	32	0	0	0	41	38	0	0
L5683	0	0	382	435	0	0	0	505	463	0	0	564	483	0	0	0	509	537	0	0
L5684	0	0	75	73	0	0	0	94	85	0	0	74	92	0	0	0	88	88	0	0
L5685	0	0	4930	5054	0	0	0	5922	5870	0	0	5925	5838	0	0	0	5663	5700	0	0
L5686	0	0	30	27	0	0	0	42	28	0	0	29	24	0	0	0	38	30	0	0
L5688	0	0	73	73	0	0	0	72	67	0	0	79	80	0	0	0	79	84	0	0
L5690	0	0	37	30	0	0	0	36	46	0	0	34	52	0	0	0	34	43	0	0
L5692	0	0	43	41	0	0	0	50	34	0	0	45	34	0	0	0	37	33	0	0
L5694	0	0	90	86	0	0	0	107	107	0	0	130	121	0	0	0	108	125	0	0
L5695	0	0	372	352	0	0	0	441	388	0	0	429	416	0	0	0	447	413	0	0
L5696	0	0	45	29	0	0	0	38	28	0	0	57	46	0	0	0	42	40	0	0
L5697	0	0	31	27	0	0	0	35	24	0	0	59	43	0	0	0	38	33	0	0
L5698	0	0	114	95	0	0	0	114	94	0	0	130	101	0	0	0	105	104	0	0
L5699	0	0	8	6	0	0	0	7	7	0	0	3	9	0	0	0	4	5	0	0
L5700	0	0	2888	2930	0	0	0	3543	3319	0	0	3266	3482	0	0	0	3252	3293	0	0
L5701	0	0	1104	1054	0	0	0	1310	1278	0	0	1241	1259	0	0	0	1272	1371	0	0
L5702	0	0	11	13	0	0	0	14	11	0	0	13	19	0	0	0	13	8	0	0
L5703	0	0	8	2	0	0	0	3	5	0	0	8	10	0	0	0	6	11	0	0
L5704	0	0	3349	3388	0	0	0	4149	3790	0	0	4101	4120	0	0	0	4012	3956	0	0
L5705	0	0	970	991	0	0	0	1117	1014	0	0	1161	1063	0	0	0	1119	1119	0	0
L5706	0	0	15	15	0	0	0	18	8	0	0	12	24	0	0	0	24	13	0	0
L5707	0	0	19	19	0	0	0	28	15	0	0	21	25	0	0	0	20	28	0	0
L5710	0	0	5	3	0	0	0	6	4	0	0	4	4	0	0	0	6	2	0	0
L5711	0	0	5	9	0	0	0	5	1	0	0	6	3	0	0	0	5	4	0	0
L5712	0	0	23	14	0	0	0	30	19	0	0	18	20	0	0	0	15	24	0	0
L5716	0	0	0	0	0	0	0	0	0	0	0	0	4	0	0	0	0	0	0	0
L5718	0	0	0	1	0	0	0	3	0	0	0	0	1	0	0	0	1	2	0	0
L5722	0	0	1	1	0	0	0	0	1	0	0	0	0	0	0	0	0	1	0	0
L5724	0	0	2	0	0	0	0	1	0	0	0	0	2	0	0	0	0	0	0	0
L5726	0	0	1	1	0	0	0	0	0	0	0	1	0	0	0	0	0	0	0	0
L5728	0	0	2	0	0	0	0	6	3	0	0	6	1	0	0	0	4	0	0	0
L5780	0	0	0	0	0	0	0	0	0	0	0	0	1	0	0	0	0	0	0	0
L5781	0	0	494	539	0	0	0	603	625	0	0	648	607	0	0	0	647	579	0	0
L5782	0	0	33	29	0	0	0	55	38	0	0	44	36	0	0	0	31	34	0	0
L5785	0	0	158	136	0	0	0	161	113	0	0	164	158	0	0	0	116	165	0	0
L5790	0	0	73	55	0	0	0	80	60	0	0	80	62	0	0	0	76	58	0	0
L5795	0	0	4	1	0	0	0	3	6	0	0	3	2	0	0	0	4	5	0	0
L5810	0	0	85	61	0	0	0	77	63	0	0	80	84	0	0	0	95	89	0	0
L5811	0	0	86	85	0	0	0	92	87	0	0	107	101	0	0	0	95	87	0	0
L5812	0	0	742	735	0	0	0	746	793	0	0	731	759	0	0	0	782	819	0	0
L5814	0	0	129	145	0	0	0	158	168	0	0	159	141	0	0	0	172	150	0	0
L5816	0	0	30	26	0	0	0	39	31	0	0	26	36	0	0	0	25	25	0	0
L5818	0	0	21	24	0	0	0	16	28	0	0	24	23	0	0	0	33	33	0	0
L5822	0	0	64	37	0	0	0	52	42	0	0	51	59	0	0	0	56	60	0	0
L5824	0	0	4	6	0	0	0	2	3	0	0	4	6	0	0	0	4	3	0	0
L5826	0	0	7	5	0	0	0	20	18	0	0	14	17	0	0	0	14	12	0	0
L5828	0	0	501	541	0	0	0	613	563	0	0	524	542	0	0	0	587	597	0	0
L5830	0	0	21	21	0	0	0	22	18	0	0	32	23	0	0	0	27	19	0	0
L5840	0	0	47	29	0	0	0	60	59	0	0	65	41	0	0	0	45	66	0	0
L5845	0	0	1486	1569	0	0	0	1673	1731	0	0	1515	1539	0	0	0	1659	1683	0	0
L5848	0	0	419	498	0	0	0	518	538	0	0	475	463	0	0	0	515	535	0	0
L5850	0	0	1487	1446	0	0	0	1578	1585	0	0	1522	1484	0	0	0	1558	1638	0	0
L5855	0	0	24	19	0	0	0	23	17	0	0	18	17	0	0	0	22	29	0	0
L5856	0	0	396	437	0	0	0	484	466	0	0	436	428	0	0	0	470	486	0	0
L5857	0	0	6	1	0	0	0	10	1	0	0	4	4	0	0	0	4	3	0	0
L5858	0	0	48	44	0	0	0	69	48	0	0	49	58	0	0	0	63	50	0	0
L5859	0	0	4	0	0	0	0	6	4	0	0	9	2	0	0	0	7	0	0	0
L5910	0	0	6576	6752	0	0	0	7725	7615	0	0	7160	7727	0	0	0	7382	7603	0	0
L5920	0	0	2371	2401	0	0	0	2663	2639	0	0	2506	2593	0	0	0	2631	2728	0	0
L5925	0	0	588	738	0	0	0	619	819	0	0	538	679	0	0	0	588	712	0	0
L5930	0	0	83	71	0	0	0	73	78	0	0	84	96	0	0	0	104	86	0	0
L5940	0	0	6598	6898	0	0	0	7990	7838	0	0	7475	7953	0	0	0	7637	7885	0	0
L5950	0	0	2450	2462	0	0	0	2815	2843	0	0	2609	2699	0	0	0	2771	2911	0	0
L5960	0	0	34	41	0	0	0	53	32	0	0	38	34	0	0	0	44	44	0	0
L5961	0	0	4	10	0	0	0	12	6	0	0	2	7	0	0	0	8	6	0	0
L5962	0	0	2186	2166	0	0	0	2681	2321	0	0	3211	2668	0	0	0	2681	2594	0	0
L5964	0	0	461	498	0	0	0	497	486	0	0	624	528	0	0	0	551	522	0	0
L5966	0	0	7	12	0	0	0	9	6	0	0	17	12	0	0	0	10	7	0	0
L5968	0	0	780	931	0	0	0	911	1181	0	0	776	938	0	0	0	893	1070	0	0
L5970	0	0	96	101	0	0	0	84	89	0	0	79	125	0	0	0	113	129	0	0
L5971	0	0	40	27	0	0	0	19	29	0	0	24	29	0	0	0	26	29	0	0
L5972	0	0	2715	2859	0	0	0	3094	3302	0	0	2747	3185	0	0	0	3018	3172	0	0
L5973	0	0	38	74	0	0	0	55	127	0	0	71	76	0	0	0	65	107	0	0
L5974	0	0	416	384	0	0	0	422	367	0	0	444	397	0	0	0	430	372	0	0
L5975	0	0	139	134	0	0	0	138	143	0	0	160	166	0	0	0	144	157	0	0
L5976	0	0	230	173	0	0	0	258	181	0	0	266	241	0	0	0	259	222	0	0
L5978	0	0	97	85	0	0	0	93	68	0	0	125	84	0	0	0	123	96	0	0
L5979	0	0	182	192	0	0	0	179	164	0	0	234	224	0	0	0	218	220	0	0
L5980	0	0	549	563	0	0	0	699	603	0	0	652	651	0	0	0	682	667	0	0
L5981	0	0	1485	1562	0	0	0	1905	1719	0	0	1742	1817	0	0	0	1759	1893	0	0
L5982	0	0	10	6	0	0	0	26	14	0	0	25	19	0	0	0	10	19	0	0
L5984	0	0	567	542	0	0	0	645	658	0	0	676	694	0	0	0	631	635	0	0
L5985	0	0	80	65	0	0	0	97	65	0	0	91	88	0	0	0	82	70	0	0
L5986	0	0	3571	3846	0	0	0	4433	4333	0	0	3861	4388	0	0	0	4065	4376	0	0
L5987	0	0	812	900	0	0	0	1050	1048	0	0	968	1029	0	0	0	955	1067	0	0
L5988	0	0	248	256	0	0	0	264	293	0	0	259	292	0	0	0	287	281	0	0
L5990	0	0	42	33	0	0	0	68	40	0	0	45	48	0	0	0	51	48	0	0
L5999	0	0	360	365	0	0	0	480	382	0	0	526	412	0	0	0	503	403	0	0
L6000	3	1	3	5	0	11	6	3	1	0	7	3	6	0	0	4	5	6	0	0
L6010	0	3	4	3	0	3	0	2	2	0	3	3	2	0	0	2	1	3	0	0
L6020	3	3	2	0	0	1	0	1	2	0	2	0	11	0	0	0	3	3	0	0
L6025	1	3	4	0	0	1	0	6	0	0	0	5	1	0	0	2	4	1	0	0
L6050	0	0	5	12	0	0	0	7	5	0	0	8	6	0	0	0	12	10	0	0
L6055	0	0	3	2	0	0	0	1	3	0	0	5	1	0	0	0	3	1	0	0
L6100	0	0	47	26	0	0	0	32	27	0	0	36	36	0	0	0	42	26	0	0
L6110	0	0	16	15	0	0	0	27	21	0	0	24	18	0	0	0	17	23	0	0
L6120	0	0	5	0	0	0	0	0	1	0	0	0	3	0	0	0	4	3	0	0
L6200	0	0	0	2	0	0	0	2	2	0	0	2	2	0	0	0	5	4	0	0
L6205	0	0	0	0	0	0	0	1	0	0	0	1	0	0	0	0	1	0	0	0
L6250	0	0	11	13	0	0	0	17	20	0	0	19	13	0	0	0	18	20	0	0
L6300	0	0	1	1	0	0	0	2	3	0	0	2	1	0	0	0	0	4	0	0
L6310	0	0	0	2	0	0	0	1	0	0	0	0	0	0	0	0	0	0	0	0
L6320	0	0	1	1	0	0	0	1	0	0	0	1	0	0	0	0	0	0	0	0
L6350	0	0	2	1	0	0	0	0	0	0	0	0	2	0	0	0	0	0	0	0
L6370	0	0	2	4	0	0	0	8	2	0	0	3	1	0	0	0	1	3	0	0
L6400	0	0	6	6	0	0	0	9	4	0	0	6	3	0	0	0	5	10	0	0
L6450	0	0	0	0	0	0	0	0	0	0	0	2	1	0	0	0	1	0	0	0
L6500	0	0	4	3	0	0	0	9	6	0	0	6	3	0	0	0	6	5	0	0
L6550	0	0	2	1	0	0	0	2	0	0	0	1	1	0	0	0	3	2	0	0
L6570	0	0	1	1	0	0	0	1	0	0	0	1	0	0	0	0	1	3	0	0
L6580	0	0	4	1	0	0	0	1	3	0	0	2	2	0	0	0	2	2	0	0
L6584	0	0	1	0	0	0	0	1	2	0	0	0	4	0	0	0	0	0	0	0
L6600	0	0	5	2	0	0	0	2	2	0	0	5	1	0	0	0	4	2	0	0
L6605	0	0	9	1	0	0	0	6	8	0	0	4	3	0	0	0	7	5	0	0
L6610	0	0	1	0	0	0	0	5	4	0	0	3	0	0	0	0	4	0	0	0
L6611	0	0	22	17	0	0	0	34	36	0	0	29	19	0	0	0	37	32	0	0
L6615	0	0	50	45	0	0	0	49	42	0	0	54	42	0	0	0	52	41	0	0
L6616	0	0	39	27	0	0	0	40	29	0	0	25	27	0	0	0	35	23	0	0
L6620	0	0	16	14	0	0	0	21	16	0	0	12	17	0	0	0	16	10	0	0
L6621	0	0	22	19	0	0	0	29	29	0	0	18	31	0	0	0	27	25	0	0
L6623	0	0	5	1	0	0	0	3	2	0	0	6	5	0	0	0	7	3	0	0
L6624	0	0	17	4	0	0	0	10	4	0	0	8	12	0	0	0	13	12	0	0
L6625	0	0	1	0	0	0	0	1	1	0	0	3	2	0	0	0	0	4	0	0
L6628	0	0	9	10	0	0	0	9	10	0	0	9	10	0	0	0	8	12	0	0
L6629	0	0	59	55	0	0	0	77	81	0	0	63	61	0	0	0	77	64	0	0
L6630	0	0	30	22	0	0	0	33	18	0	0	25	27	0	0	0	32	25	0	0
L6632	0	0	15	20	0	0	0	19	30	0	0	18	10	0	0	0	12	15	0	0
L6635	0	0	4	8	0	0	0	17	13	0	0	14	7	0	0	0	13	13	0	0
L6637	0	0	1	0	0	0	0	7	3	0	0	3	3	0	0	0	4	3	0	0
L6638	0	0	5	2	0	0	0	8	6	0	0	3	4	0	0	0	4	4	0	0
L6640	0	0	0	0	0	0	0	5	0	0	0	0	1	0	0	0	0	0	0	0
L6641	0	0	102	94	0	0	0	89	84	0	0	84	108	0	0	0	78	77	0	0
L6642	0	0	0	0	0	0	0	0	1	0	0	0	1	0	0	0	0	0	0	0
L6645	0	0	2	1	0	0	0	3	1	0	0	5	2	0	0	0	3	7	0	0
L6646	0	0	3	5	0	0	0	6	8	0	0	4	6	0	0	0	2	2	0	0
L6647	0	0	2	4	0	0	0	2	1	0	0	1	3	0	0	0	1	1	0	0
L6648	0	0	0	1	0	0	0	2	3	0	0	0	2	0	0	0	0	0	0	0
L6650	0	0	5	7	0	0	0	3	6	0	0	2	1	0	0	0	6	1	0	0
L6655	0	0	33	19	0	0	0	32	30	0	0	34	27	0	0	0	38	27	0	0
L6660	0	0	93	80	0	0	0	99	81	0	0	91	105	0	0	0	121	80	0	0
L6665	0	0	49	35	0	0	0	54	45	0	0	49	50	0	0	0	51	49	0	0
L6670	0	0	13	20	0	0	0	28	20	0	0	26	20	0	0	0	21	26	0	0
L6672	0	0	27	22	0	0	0	38	29	0	0	27	30	0	0	0	34	32	0	0
L6675	0	0	82	65	0	0	0	88	63	0	0	88	77	0	0	0	102	76	0	0
L6676	0	0	17	14	0	0	0	23	23	0	0	19	26	0	0	0	38	21	0	0
L6677	0	0	6	4	0	0	0	4	10	0	0	4	1	0	0	0	3	7	0	0
L6680	0	0	134	93	0	0	0	124	126	0	0	144	128	0	0	0	145	123	0	0
L6682	0	0	34	32	0	0	0	60	50	0	0	45	47	0	0	0	61	47	0	0
L6684	0	0	14	8	0	0	0	17	9	0	0	9	10	0	0	0	10	11	0	0
L6686	0	0	29	34	0	0	0	55	45	0	0	32	37	0	0	0	34	45	0	0
L6687	0	0	82	68	0	0	0	81	83	0	0	96	83	0	0	0	94	90	0	0
L6688	0	0	24	20	0	0	0	37	38	0	0	31	30	0	0	0	45	38	0	0
L6689	0	0	5	6	0	0	0	9	7	0	0	4	6	0	0	0	4	4	0	0
L6690	0	0	7	2	0	0	0	7	3	0	0	3	3	0	0	0	4	5	0	0
L6691	0	0	10	13	0	0	0	14	25	0	0	20	16	0	0	0	16	14	0	0
L6692	0	0	25	17	0	0	0	40	15	0	0	30	22	0	0	0	27	24	0	0
L6693	0	0	10	6	0	0	0	15	14	0	0	16	20	0	0	0	11	14	0	0
L6694	0	0	37	28	0	0	0	41	29	0	0	34	47	0	0	0	30	35	0	0
L6695	0	0	12	13	0	0	0	7	12	0	0	22	15	0	0	0	23	14	0	0
L6696	0	0	13	9	0	0	0	15	14	0	0	15	23	0	0	0	13	17	0	0
L6697	0	0	0	2	0	0	0	5	8	0	0	11	2	0	0	0	5	5	0	0
L6698	0	0	37	21	0	0	0	48	36	0	0	27	45	0	0	0	25	35	0	0
L6703	26	18	23	20	0	22	20	28	21	0	20	30	8	0	0	25	15	18	0	0
L6704	15	12	20	11	0	29	29	15	7	0	16	17	18	0	0	23	13	12	0	0
L6706	52	37	45	30	0	62	39	48	41	0	52	51	36	0	0	56	47	39	0	0
L6707	3	2	3	7	0	3	3	5	1	0	6	6	1	0	0	5	5	6	0	0
L6708	22	18	15	11	0	30	21	23	11	0	28	15	17	0	0	20	14	27	0	0
L6709	2	1	2	6	0	6	5	5	3	0	1	2	1	0	0	5	4	4	0	0
L6711	0	0	4	5	0	0	0	0	1	0	0	2	1	0	0	0	5	1	0	0
L6712	0	0	0	0	0	0	0	1	1	0	0	0	0	0	0	0	1	0	0	0
L6713	0	0	1	0	0	0	0	2	0	0	0	0	1	0	0	0	0	0	0	0
L6715	2	2	2	3	0	4	2	5	6	0	2	3	9	0	0	1	3	3	0	0
L6721	25	15	25	24	0	30	32	25	38	0	24	30	23	0	0	32	42	33	0	0
L6722	2	5	4	1	0	3	3	3	5	0	6	3	4	0	0	3	6	2	0	0
L6805	0	0	3	3	0	0	0	2	2	0	0	2	5	0	0	0	4	2	0	0
L6810	0	0	1	3	0	0	0	2	1	0	0	2	3	0	0	0	3	3	0	0
L6880	19	16	23	20	0	15	22	39	41	0	9	34	24	0	0	16	31	27	0	0
L6881	0	0	43	38	0	0	0	72	68	0	0	62	60	0	0	0	61	54	0	0
L6882	0	0	66	48	0	0	0	89	81	0	0	84	87	0	0	0	91	76	0	0
L6883	0	0	6	13	0	0	0	8	11	0	0	4	8	0	0	0	15	9	0	0
L6884	0	0	3	5	0	0	0	6	6	0	0	5	4	0	0	0	8	7	0	0
L6885	0	0	1	1	0	0	0	0	2	0	0	0	3	0	0	0	0	1	0	0
L6890	0	0	120	96	0	0	0	154	120	0	0	136	130	0	0	0	144	147	0	0
L6895	0	0	41	44	0	0	0	50	52	0	0	55	31	0	0	0	37	56	0	0
L6900	0	0	4	1	0	0	0	3	2	0	0	1	4	0	0	0	6	2	0	0
L6905	0	0	6	1	0	0	0	2	2	0	0	1	7	0	0	0	2	0	0	0
L6910	0	0	0	1	0	0	0	2	1	0	0	0	1	0	0	0	2	1	0	0
L6915	0	0	1	0	0	0	0	0	0	0	0	2	1	0	0	0	1	2	0	0
L6925	0	0	1	0	0	0	0	4	5	0	0	8	4	0	0	0	4	7	0	0
L6930	0	0	2	0	0	0	0	0	1	0	0	2	3	0	0	0	1	0	0	0
L6935	0	0	34	30	0	0	0	42	56	0	0	50	39	0	0	0	47	38	0	0
L6945	0	0	2	0	0	0	0	2	1	0	0	0	2	0	0	0	2	2	0	0
L6950	0	0	2	0	0	0	0	3	0	0	0	2	1	0	0	0	2	3	0	0
L6955	0	0	12	8	0	0	0	13	11	0	0	9	17	0	0	0	14	10	0	0
L6960	0	0	0	2	0	0	0	1	3	0	0	0	0	0	0	0	0	1	0	0
L6965	0	0	2	2	0	0	0	3	3	0	0	3	3	0	0	0	3	2	0	0
L6970	0	0	2	0	0	0	0	0	0	0	0	0	0	0	0	0	0	0	0	0
L6975	0	0	1	0	0	0	0	0	1	0	0	0	3	0	0	0	1	1	0	0
L7007	48	51	32	20	0	46	45	29	31	0	45	41	30	0	0	58	46	41	0	0
L7009	0	0	28	16	0	0	0	39	35	0	0	25	32	0	0	0	31	28	0	0
L7180	0	0	1	4	0	0	0	7	4	0	0	3	7	0	0	0	6	4	0	0
L7181	0	0	7	4	0	0	0	3	5	0	0	3	7	0	0	0	3	3	0	0
L7260	0	0	8	0	0	0	0	4	0	0	0	7	11	0	0	0	8	10	0	0
L7261	0	0	13	0	0	0	0	20	0	0	0	19	14	0	0	0	14	5	0	0
L7360	0	0	2	0	0	0	0	5	1	0	0	9	2	0	0	0	7	4	0	0
L7362	0	0	1	21	0	0	0	4	10	0	0	4	4	0	0	0	10	10	0	0
L7364	0	0	4	8	0	0	0	5	8	0	0	12	10	0	0	0	8	8	0	0
L7366	0	0	4	9	0	0	0	14	6	0	0	10	9	0	0	0	5	3	0	0
L7367	0	0	94	97	0	0	0	124	108	0	0	108	103	0	0	0	118	97	0	0
L7368	0	0	241	185	0	0	0	222	192	0	0	362	227	0	0	0	372	241	0	0
L7400	0	0	93	80	0	0	0	89	114	0	0	114	97	0	0	0	119	111	0	0
L7401	0	0	25	23	0	0	0	37	44	0	0	30	34	0	0	0	43	42	0	0
L7402	0	0	10	5	0	0	0	13	13	0	0	5	9	0	0	0	8	9	0	0
L7403	0	0	106	85	0	0	0	89	119	0	0	124	103	0	0	0	133	115	0	0
L7404	0	0	27	24	0	0	0	45	45	0	0	29	35	0	0	0	43	44	0	0
L7405	0	0	10	6	0	0	0	9	11	0	0	6	9	0	0	0	7	8	0	0
L7499	0	0	113	75	0	0	0	133	76	0	0	117	119	0	0	0	131	94	0	0
L7510	0	0	1169	1086	0	0	0	1476	1288	0	0	1516	1411	0	0	0	1339	1325	0	0
L7520	0	0	2652	2446	0	0	0	3284	2873	0	0	3060	3046	0	0	0	2855	2656	0	0
L7600	0	0	33	21	0	0	0	32	43	0	0	43	44	0	0	0	38	45	0	0
L7900	0	0	13334	3648	0	0	0	14798	3809	0	0	14371	8961	0	0	0	14030	5303	0	0
L7902	0	0	10	4	0	0	0	6	2	0	0	7	6	0	0	0	5	0	0	0
L8000	0	0	38889	38039	0	0	0	59501	58190	0	0	62794	60800	0	0	0	70396	67940	0	0
L8001	0	0	395	370	0	0	0	470	421	0	0	636	518	0	0	0	694	694	0	0
L8002	0	0	178	183	0	0	0	207	229	0	0	270	219	0	0	0	278	329	0	0
L8010	843	781	692	614	0	909	994	853	779	0	909	879	804	0	0	903	882	838	0	0
L8015	0	0	1998	1710	0	0	0	1952	1913	0	0	2177	1876	0	0	0	2104	1868	0	0
L8020	0	0	4110	3559	0	0	0	6282	5722	0	0	6496	5768	0	0	0	6822	6083	0	0
L8030	0	0	16345	15762	0	0	0	24884	24378	0	0	26250	25590	0	0	0	28244	27042	0	0
L8031	0	0	21	11	0	0	0	20	31	0	0	40	25	0	0	0	30	31	0	0
L8032	0	0	231	153	0	0	0	277	230	0	0	288	255	0	0	0	382	265	0	0
L8035	0	0	11	16	0	0	0	41	25	0	0	18	34	0	0	0	41	31	0	0
L8039	0	0	12	13	0	0	0	15	13	0	0	24	19	0	0	0	42	16	0	0
L8040	0	0	15	19	0	0	0	18	18	0	0	22	18	0	0	0	17	21	0	0
L8041	0	0	6	2	0	0	0	6	5	0	0	10	9	0	0	0	5	9	0	0
L8042	0	0	22	25	0	0	0	25	17	0	0	25	21	0	0	0	19	17	0	0
L8043	0	0	2	0	0	0	0	1	5	0	0	2	2	0	0	0	5	0	0	0
L8044	0	0	6	0	0	0	0	8	3	0	0	4	2	0	0	0	5	3	0	0
L8045	0	0	15	7	0	0	0	10	17	0	0	9	14	0	0	0	16	5	0	0
L8047	0	0	1	0	0	0	0	0	2	0	0	2	1	0	0	0	1	2	0	0
L8048	0	0	8	11	0	0	0	3	3	0	0	5	5	0	0	0	4	7	0	0
L8049	0	0	24	23	0	0	0	15	21	0	0	20	23	0	0	0	15	16	0	0
L8190	0	0	0	0	0	0	0	0	1	0	0	0	0	0	0	0	0	0	0	0
L8220	0	0	1	0	0	0	0	0	0	0	0	0	1	0	0	0	1	0	0	0
L8300	441	411	336	316	0	455	382	338	321	0	457	434	340	0	0	416	380	319	0	0
L8310	336	314	230	226	0	309	289	291	241	0	321	299	258	0	0	290	303	253	0	0
L8320	0	0	4	4	0	0	0	5	0	0	0	3	4	0	0	0	2	2	0	0
L8330	0	0	17	12	0	0	0	7	15	0	0	23	15	0	0	0	14	18	0	0
L8400	0	0	2514	2623	0	0	0	3094	3020	0	0	2954	3157	0	0	0	2954	2986	0	0
L8410	0	0	326	317	0	0	0	371	377	0	0	364	388	0	0	0	362	408	0	0
L8415	0	0	14	13	0	0	0	18	16	0	0	14	6	0	0	0	16	14	0	0
L8417	0	0	507	486	0	0	0	546	536	0	0	559	600	0	0	0	558	564	0	0
L8420	0	0	8811	9248	0	0	0	10624	10377	0	0	10078	10818	0	0	0	10038	10391	0	0
L8430	0	0	2122	2151	0	0	0	2474	2429	0	0	2319	2440	0	0	0	2347	2490	0	0
L8435	0	0	70	54	0	0	0	69	45	0	0	82	66	0	0	0	81	69	0	0
L8440	0	0	3691	3945	0	0	0	4085	4180	0	0	3875	4215	0	0	0	3878	4228	0	0
L8460	0	0	1279	1222	0	0	0	1326	1295	0	0	1258	1268	0	0	0	1295	1339	0	0
L8465	0	0	54	46	0	0	0	80	69	0	0	44	50	0	0	0	57	56	0	0
L8470	0	0	6114	6531	0	0	0	7481	7403	0	0	6881	7636	0	0	0	6968	7398	0	0
L8480	0	0	1376	1454	0	0	0	1600	1628	0	0	1480	1555	0	0	0	1571	1674	0	0
L8485	0	0	59	52	0	0	0	58	59	0	0	69	44	0	0	0	78	46	0	0
L8499	0	0	298	242	0	0	0	318	273	0	0	421	360	0	0	0	436	364	0	0
L8500	0	0	147	124	0	0	0	186	189	0	0	192	177	0	0	0	194	173	0	0
L8501	0	0	1614	1665	0	0	0	1515	1695	0	0	1629	1637	0	0	0	1652	1696	0	0
L8505	0	0	50	43	0	0	0	57	52	0	0	88	73	0	0	0	77	71	0	0
L8507	0	0	639	540	0	0	0	604	566	0	0	719	662	0	0	0	678	666	0	0
L8509	0	0	24	61	0	0	0	11	37	0	0	18	102	0	0	0	29	98	0	0
L8510	0	0	10	13	0	0	0	17	5	0	0	15	11	0	0	0	18	6	0	0
L8511	0	0	24	34	0	0	0	34	52	0	0	25	36	0	0	0	43	41	0	0
L8512	0	0	17	6	0	0	0	14	25	0	0	12	16	0	0	0	15	19	0	0
L8513	0	0	126	143	0	0	0	157	166	0	0	125	176	0	0	0	184	164	0	0
L8514	0	0	6	18	0	0	0	10	21	0	0	13	20	0	0	0	13	10	0	0
L8515	0	0	58	47	0	0	0	51	58	0	0	52	46	0	0	0	47	50	0	0
L8600	0	0	0	0	0	0	0	1	0	0	0	0	0	0	0	0	0	0	0	0
L8612	0	0	1	0	0	0	0	0	0	0	0	0	0	0	0	0	0	0	0	0
L8615	0	0	1	0	0	0	0	0	0	0	0	0	0	0	0	0	0	0	0	0
L8616	0	0	1	0	0	0	0	0	0	0	0	0	0	0	0	0	0	0	0	0
L8618	0	0	0	1	0	0	0	0	0	0	0	0	0	0	0	0	0	0	0	0
L8619	0	0	1	0	0	0	0	0	0	0	0	0	0	0	0	0	0	0	0	0
L8621	0	0	1	0	0	0	0	1	0	0	0	1	1	0	0	0	0	0	0	0
L8623	0	0	0	1	0	0	0	0	0	0	0	0	0	0	0	0	0	0	0	0
L8624	0	0	2	0	0	0	0	0	0	0	0	0	4	0	0	0	0	0	0	0
L8641	0	0	4	0	0	0	0	0	0	0	0	0	0	0	0	0	0	0	0	0
L8642	0	0	0	0	0	0	0	0	0	0	0	0	0	0	0	0	0	1	0	0
L8680	0	0	20	0	0	0	0	54	0	0	0	4	3	0	0	0	2	2	0	0
L8689	0	0	0	1	0	0	0	0	0	0	0	0	0	0	0	0	0	0	0	0
L8691	0	0	0	0	0	0	0	2	0	0	0	0	0	0	0	0	0	0	0	0
L8699	0	0	0	0	0	0	0	0	0	0	0	2	0	0	0	0	1	0	0	0
L9900	0	0	59	63	0	0	0	68	68	0	0	70	71	0	0	0	92	65	0	0
Q4001	0	0	0	0	0	3	0	0	0	0	1	0	0	0	0	0	0	0	0	0
Q4005	0	0	0	0	0	0	0	2	0	0	0	0	1	0	0	0	0	0	0	0
Q4006	6	0	0	2	0	12	0	2	1	0	0	0	0	0	0	1	0	0	0	0
Q4007	0	0	0	0	0	1	0	0	0	0	0	0	0	0	0	0	0	0	0	0
Q4008	1	0	0	0	0	0	0	0	0	0	0	0	0	0	0	0	0	0	0	0
Q4009	1	0	0	0	0	1	1	0	0	0	2	1	0	0	0	0	0	0	0	0
Q4010	44	1	9	4	0	61	3	9	6	0	9	5	11	0	0	1	3	1	0	0
Q4013	2	0	0	0	0	0	0	0	0	0	0	0	0	0	0	0	1	0	0	0
Q4014	4	0	0	0	0	4	0	3	0	0	1	0	0	0	0	1	0	0	0	0
Q4017	1	0	0	0	0	0	0	0	0	0	5	0	0	0	0	0	0	0	0	0
Q4018	2	0	0	0	0	6	0	1	1	0	0	1	1	0	0	1	1	0	0	0
Q4021	1	0	0	0	0	9	0	0	0	0	0	0	0	0	0	2	0	0	0	0
Q4022	18	1	0	0	0	17	2	3	9	0	5	0	1	0	0	2	1	3	0	0
Q4030	1	0	0	0	0	4	1	0	0	0	5	0	0	0	0	0	0	0	0	0
Q4032	0	0	0	0	0	1	0	0	0	0	0	0	0	0	0	0	0	0	0	0
Q4033	1	0	0	0	0	0	0	0	0	0	0	0	0	0	0	0	0	0	0	0
Q4034	0	0	0	0	0	0	0	0	0	0	0	1	0	0	0	0	0	0	0	0
Q4035	0	0	0	0	0	1	0	0	0	0	0	0	0	0	0	0	0	0	0	0
Q4037	7	3	0	0	0	8	2	0	0	0	10	0	0	0	0	3	0	0	0	0
Q4038	101	9	8	21	0	173	7	14	10	0	71	1	10	0	0	4	4	3	0	0
Q4040	1	0	0	0	0	0	0	0	0	0	0	0	0	0	0	0	0	0	0	0
Q4045	3	0	0	0	0	1	0	5	0	0	0	0	0	0	0	1	0	0	0	0
Q4046	17	1	2	1	0	8	0	0	4	0	0	0	0	0	0	0	0	0	0	0
Q4050	32	4	0	7	0	12	4	4	0	0	6	11	6	0	0	4	0	10	0	0
Q4051	78	6	14	2	0	62	4	4	7	0	13	1	3	0	0	2	4	6	0	0
S9342	4	0	0	0	0	2	0	0	0	0	2	0	0	0	0	0	0	0	0	0
S9343	2	0	0	0	0	0	0	0	0	0	1	0	0	0	0	2	0	0	0	0
T4521	0	0	0	2	0	0	0	2	0	0	1	1	3	0	0	0	0	1	0	0
T4522	4	2	2	4	0	6	3	3	4	0	1	3	1	0	0	3	2	4	0	0
T4523	2	0	18	3	0	0	1	10	9	0	1	0	8	0	0	0	1	6	0	0
T4524	3	0	10	1	0	2	0	3	4	0	3	0	2	0	0	1	0	2	0	0
T4525	0	0	0	0	0	0	0	1	2	0	0	0	1	0	0	1	2	0	0	0
T4526	0	6	19	2	0	0	8	4	5	0	0	4	3	0	0	3	3	3	0	0
T4527	1	5	17	8	0	17	9	9	14	0	1	5	7	0	0	4	0	5	0	0
T4528	1	3	10	2	0	2	1	3	10	0	1	2	2	0	0	1	2	4	0	0
T4534	0	0	0	0	0	0	0	0	0	0	0	1	0	0	0	0	0	0	0	0
T4535	0	3	16	5	0	20	1	12	17	0	6	0	5	0	0	4	0	5	0	0
T4536	0	0	5	2	0	0	1	4	3	0	1	0	1	0	0	2	0	0	0	0
T4537	0	3	2	3	0	0	1	4	4	0	0	0	3	0	0	2	1	4	0	0
T4541	1	9	19	8	0	5	4	29	24	0	5	5	17	0	0	4	5	9	0	0
T4543	0	0	0	0	0	0	1	1	1	0	0	1	0	0	0	0	0	0	0	0
