PROCEDURE_CODE	Q12016	Q22016	Q32016	Q42016
A4357	99341	94747	93870	92468
A4340	3689	3481	3329	3162
A6234	5507	5441	6172	5757
A6235	612	536	578	557
A6540	127	148	98	113
A6199	3813	4272	4919	4785
L3908	74237	75620	73803	72304
A4580	30	13	0	0
E0450	0	0	0	0
A6206	225	253	288	368
A6208	21	29	43	35
L3670	24432	23272	23341	24050
A6239	0	1	0	0
A6215	52	56	48	51
L3650	5893	4953	4729	4375
A6245	36	76	96	199
B4160	590	478	471	454
B4102	167	164	189	203
L6722	6	4	7	4
L6010	4	6	1	5
L1800	0	0	0	0
L8310	208	213	179	210
Q4010	3	1	0	0
Q4013	0	0	0	0
Q4017	0	0	0	0
Q4037	0	0	0	0
Q4040	0	0	0	0
T4535	12	9	0	0
95800	0	0	0	0
G0399	0	0	0	0
A4419	19618	19444	19345	18972
E0562	397615	415139	427540	428073
B9002	46176	43089	44652	44157
E0143	197251	204065	197817	191831
E0303	8982	9094	8968	8750
E0776	51466	49529	53127	50307
K0800	3105	3450	3306	3646
L1810	6853	7112	6841	5925
L1820	20433	22978	23143	22433
L1832	10006	9689	8924	8617
L1845	2992	3327	2986	2900
E2206	2466	2474	2424	2304
E2395	2061	2290	1779	2008
A7046	203009	211202	213961	238780
B4155	10130	9020	7785	7395
B4034	59460	57607	53814	53027
B4088	2736	2723	2655	2857
E2621	131	169	154	193
E2612	653	743	624	724
E2213	2442	2519	2453	2727
K0826	126	117	81	77
E0957	481	512	483	549
K0827	942	961	932	844
K0821	3804	3866	3739	3769
E0424	788	674	656	586
E2402	30751	30960	32040	32396
E0673	7361	6055	5657	6074
E0441	325	315	327	350
E0666	123	95	82	61
E0373	512	536	882	1461
E0316	7	11	7	3
Q4001	0	0	0	0
Q4007	0	0	0	0
L0486	622	679	683	566
L5629	7348	7991	8094	8252
L5673	10289	10980	11122	11171
L5940	7297	7871	7915	8183
L5000	3556	4166	3915	4042
L0625	2083	2407	2306	2247
L5704	3244	3539	3372	3526
L8420	9746	10590	10759	10742
L8470	6972	7564	7681	7960
L5631	2668	2844	2827	3118
L5651	2698	2941	2872	3208
L5850	1484	1670	1627	1690
L8480	1513	1693	1708	1939
L5979	113	124	110	106
L5812	705	786	778	778
L2397	33788	33960	33477	37757
L3809	16234	16494	16915	15436
L5647	2253	2523	2556	2596
L5668	1356	1517	1432	1511
L2820	19857	21619	21574	21983
L5020	180	179	202	202
L5654	58	49	41	43
L3924	5354	5669	5241	5832
L3995	1284	1342	1334	1289
L1951	2123	2472	2637	2568
L7520	2464	2756	2751	2352
L3224	577	596	630	556
L3984	2529	2565	2722	2665
L3933	3178	3262	3257	3073
L3002	1341	1353	1441	1603
L2795	1622	1656	1637	1583
L2230	510	454	494	490
L2830	1200	1330	1279	1216
L8015	1688	1749	1658	1775
L2320	113	160	144	135
L2114	540	583	646	503
L0460	499	311	326	271
L3460	52	51	53	52
L3420	89	101	94	95
L4398	325	334	382	275
L5618	110	108	106	108
L0484	54	35	41	35
L5681	182	249	225	264
L3915	219	216	147	386
L3919	676	613	529	596
L5690	35	22	31	37
L1980	91	109	103	106
L6687	96	89	109	113
L6895	46	52	46	46
L3215	186	186	204	255
L5638	8	7	9	9
L3450	54	80	68	38
L5622	59	69	62	51
L0830	0	4	0	1
L3222	154	164	148	273
L0974	17	9	6	5
L4370	134	153	140	112
L2622	23	38	54	45
L5830	20	30	20	38
L3961	5	16	10	22
L0170	52	34	35	35
L5790	65	52	35	56
L4050	4	10	12	6
L5985	54	59	64	63
L2530	18	22	26	25
L5826	11	7	12	15
L7181	13	3	6	10
L5616	7	14	11	11
L5628	6	12	8	11
L6100	30	37	46	47
L0636	19	25	22	27
L6650	1	3	3	1
L5535	1	7	2	5
L2680	3	4	3	3
L1640	1	2	4	1
L0468	16	8	8	15
L8515	47	43	40	38
L1680	6	6	5	5
L5613	5	6	10	6
L5639	1	0	0	0
L6965	1	1	1	6
L7402	10	8	4	8
L2770	0	0	0	2
L0452	1	4	2	0
L5595	1	2	1	0
L6200	3	2	2	2
L3214	0	0	0	0
L5722	1	0	0	0
L3934	1	0	0	0
L3150	2	1	0	0
A4216	13477	12094	11673	11093
A4615	1364	959	1003	994
A6262	160	135	153	137
E0196	287	204	203	193
E0186	148	101	89	109
E0747	1164	1151	1122	1235
E2205	377	419	538	405
E2313	3563	3946	3820	4312
E1372	395	416	373	360
E0482	5034	5030	4938	5117
E2377	3401	3831	3822	4361
E0966	933	1012	1003	918
E1238	27	29	46	49
A7018	566	597	581	468
E0266	451	431	395	425
E1353	362	282	232	217
E0585	64	45	52	36
E0446	0	0	0	0
K0835	498	510	452	508
A7011	0	0	0	2
K0730	144	96	81	63
K0858	83	101	74	99
E0462	5	5	6	2
E0328	9	6	3	7
E0947	14	18	12	5
E2216	11	6	4	6
E0639	21	24	21	30
K0860	6	11	7	5
E0460	0	0	0	0
A7047	2	0	1	0
E1220	0	1	2	0
K0852	1	1	1	2
E0571	1	1	0	0
L6582	0	2	0	0
E0459	0	0	0	0
E8002	0	3	1	0
L8692	0	0	0	0
L5060	0	2	0	0
E0440	0	0	0	0
L6386	0	0	0	0
L3964	0	0	0	0
L7040	0	1	0	0
E0969	0	0	1	0
K0739	0	0	0	0
A6196	0	0	0	0
A6197	0	0	0	0
L8621	0	0	0	0
L8641	0	0	0	0
L5780	0	0	0	0
L8130	0	0	0	1
A6545	4108	5113	5858	5632
L3660	10276	11185	12361	13437
A6224	863	852	953	924
A6023	159	178	224	308
A6236	99	92	86	104
A6241	23	9	12	10
A6205	1	0	0	4
A6213	1214	902	845	883
L1830	11809	12477	12635	12293
A6259	214	187	207	186
A6535	55	40	38	40
A6258	2611	2925	3000	3053
L5301	4349	4795	4889	5009
B4104	40	30	45	54
L6708	21	26	28	23
L6000	3	4	6	7
K0851	31	31	18	28
L1825	0	0	0	0
E0603	169	187	217	177
Q4022	1	6	0	0
Q4030	0	0	0	0
E0656	29	46	75	68
E1390	2569039	2526658	2471457	2386300
E0250	16948	16659	14811	13729
A4432	23962	24306	24396	24648
E0156	61635	70559	65862	59733
E0978	19012	20063	19882	19330
A7033	181838	191566	186630	199986
A7037	473525	488866	486973	507990
A4407	39629	39978	39691	40135
E2611	19070	21008	20754	20891
K0001	421871	425091	423084	416760
E0277	21235	20981	20193	19385
K0004	42865	41241	39948	37647
E2386	6143	6422	5432	5705
B4152	88630	84759	80715	79802
E0148	600	644	893	942
E0951	19376	20952	22034	23231
B4153	10184	9510	8592	8433
K0824	1128	1215	1225	1201
E0310	1122	1127	1450	1642
E2387	2183	2249	1730	1793
E0193	174	178	174	193
A9277	1003	1229	1109	1425
E0272	1171	1016	1184	951
E0561	297	345	361	319
E2608	210	246	241	313
K0814	70	60	60	62
E0433	10	13	7	3
E0280	4	5	2	7
B4082	12	22	23	24
E0291	1	3	7	14
Q4035	0	0	0	0
T4534	0	0	0	0
A7526	15141	14749	14704	14449
L0648	17041	17199	16272	15267
A4629	16858	16200	15825	15570
L8400	2695	3105	3182	3116
L3350	584	622	644	590
L8030	16578	23472	23686	25257
L5624	3101	3312	3265	3610
L0482	140	117	139	130
L5617	38	54	33	32
L5634	44	36	41	33
L5964	432	426	448	422
L8430	2328	2531	2474	2727
L0630	466	479	487	462
L3332	1240	1313	1250	1066
L2520	4	4	4	4
L5968	1181	1336	1408	1473
L5680	49	71	56	51
L5665	194	200	203	186
L3225	516	565	541	541
L5828	506	608	559	710
L2405	448	447	428	459
L2785	240	225	203	228
L1990	1342	1427	1448	1365
L3912	315	296	321	320
L5858	28	42	32	40
L3257	58	56	58	52
L5210	20	28	22	25
L3030	2655	3202	2931	3528
L6680	132	124	155	153
L6694	33	46	43	44
L5684	80	65	77	73
L5686	20	35	32	37
L4100	21	33	52	35
L6692	20	22	23	32
L5648	45	38	40	39
L5585	6	3	4	3
L8045	11	17	11	14
L3202	1	4	5	3
L8465	46	55	60	60
L3740	128	108	133	104
L1050	11	8	10	9
L3360	69	63	72	93
L0220	83	95	76	71
L5712	11	10	7	7
L2540	26	54	52	58
L8415	12	10	13	6
L8509	181	270	166	60
L5630	19	25	17	16
L5636	26	27	39	39
L5699	7	3	7	7
L1920	26	32	41	40
L3765	29	30	21	32
L2038	4	5	9	3
L3956	8	7	7	2
L3550	53	38	20	35
L5677	31	29	37	39
L2750	21	28	48	26
L6641	83	78	69	93
L6689	7	7	2	8
L5857	2	5	2	7
L2570	7	8	6	2
L3465	14	21	19	5
L2050	0	2	5	1
L3209	1	0	0	1
L5420	4	5	1	2
L2070	10	4	5	2
L3967	2	2	2	2
L6645	1	0	0	2
L8689	0	0	0	0
L6647	1	1	0	0
L6300	5	4	3	1
L8623	0	0	0	0
L8041	8	10	4	9
L2134	6	6	6	4
L5160	0	1	2	2
L1620	2	0	1	2
A7525	8528	8469	7945	7562
E1399	17157	16482	34129	27989
E0110	843	921	833	837
A4335	6711	7193	11787	11202
A4421	542	510	534	563
E0194	453	518	626	500
A4620	106	129	106	104
E1039	815	827	881	881
E1002	1988	1975	1965	2183
E0958	758	832	1056	1042
E2224	148	188	255	178
E2617	1235	1339	1254	1272
K0017	411	416	357	447
E0465	15977	15819	15913	15671
K0045	536	539	540	460
K0849	282	252	227	274
K0039	59	70	65	62
A9284	28	19	24	18
E1010	776	694	597	645
E0959	186	192	192	186
E2228	663	737	1262	1674
E2627	46	20	45	55
E0986	677	761	994	1164
E1355	233	192	103	119
E2212	287	299	402	267
K0838	11	13	7	13
K0071	125	120	114	96
E0117	35	35	37	31
E2325	33	35	26	24
E0640	62	11	21	27
E0988	30	24	25	22
K0855	1	0	1	0
E1014	18	9	5	9
E2632	7	1	1	1
E0481	31	31	22	29
E1086	1	1	1	1
E1050	0	0	1	0
E0970	2	3	1	3
E1298	0	0	0	0
E0300	0	0	0	0
E1084	0	1	0	1
E1221	0	0	0	0
K0734	0	0	0	0
E1340	0	0	0	0
L6584	0	0	7	0
L4000	0	0	0	1
L3975	0	0	0	0
E1223	0	0	0	0
A7003	0	0	0	0
E0607	0	0	0	0
E0215	0	0	0	0
L1085	0	0	0	0
L1100	0	0	0	0
L3204	0	0	0	0
L4030	0	0	0	0
A4338	21547	20903	21283	20491
A4354	1676	1429	1664	1965
A6231	2971	3132	3256	3180
A6203	3875	7042	6611	6266
E0657	29	23	63	55
A9270	58742	59540	59321	56796
A6211	891	906	1024	1060
A6255	68	64	77	74
E0463	4	4	0	0
L1906	9189	10080	9230	7152
B4162	117	85	92	103
L6721	25	34	24	36
A5105	329	328	269	236
L6020	2	5	2	1
L6703	14	18	17	18
L1971	7455	9242	10984	9777
T4523	5	7	0	0
T4527	1	2	0	0
A7031	294384	316549	308582	327791
A4604	208592	230466	244459	278997
A5063	48943	48578	47904	47875
A7029	2189	2070	1994	1904
E0471	47700	46511	46530	47462
E0601	995225	1019995	1049754	1056347
E1020	1890	1838	1839	3064
E0147	905	1087	1192	982
A4385	44805	46070	46218	48021
E2365	14376	15752	13654	13327
E2602	1388	1582	1411	1550
A4424	8310	8586	8574	8609
L0627	7174	7360	6916	6548
E2201	10400	10980	11297	11393
E2391	680	754	841	750
E2394	3518	3886	3438	3801
E0434	36947	33983	31438	28670
E0912	3107	3031	3055	2926
B4035	123309	110476	100394	96946
E0271	4207	4008	3993	3444
E0305	3338	3080	2987	2420
B4154	42134	38443	35257	34067
E0955	8184	9031	11049	16984
E2370	5334	6358	9559	11851
E0960	1453	1594	1585	1702
E2203	1351	1509	1532	1611
K0056	1195	1268	1185	1226
E0158	325	310	306	292
E2368	284	262	292	366
E2381	451	547	573	541
E2606	66	51	56	61
K0820	193	212	178	145
E0671	154	92	66	194
T4521	5	0	0	0
E2360	7	7	9	6
Q4005	0	0	0	0
L5981	1487	1666	1733	1798
L5962	1876	2178	1980	1892
L5700	3296	3496	3503	3601
L5679	5098	5942	5994	6080
L0628	817	909	991	921
L5987	876	1035	1002	1073
L5670	666	671	725	665
L8460	1339	1371	1388	1475
L1940	7623	8392	8212	8461
L0633	101	134	98	98
L5611	370	394	353	423
A7521	5079	4473	4402	4330
L4631	827	821	854	801
L0472	1324	1271	1169	1153
L2755	2259	2430	2511	2542
L5692	32	51	45	40
L2112	210	182	202	202
L2350	145	139	141	161
L1907	406	596	735	897
L5785	152	155	158	127
L3982	1255	1345	1399	1262
L0488	7	5	4	11
L0640	95	83	79	78
L2360	621	709	642	633
L5999	335	385	444	414
L3400	333	370	343	366
L0984	103	85	70	106
L5010	45	56	48	53
L5050	72	86	81	91
L8417	543	565	617	570
L3935	190	167	191	152
L2375	10	5	9	11
L0457	1433	1789	1716	1568
A4483	517	477	452	426
L5646	48	72	58	67
L2850	115	135	144	156
L7401	53	41	39	46
L1950	187	195	225	214
L2190	3	1	5	3
L8435	78	63	92	66
L4070	36	20	49	38
L3649	292	315	321	303
L2550	65	73	55	63
L3252	29	14	22	40
L5710	3	4	1	1
L3217	242	232	217	428
L3530	31	29	26	32
L0638	92	96	88	88
L1270	29	16	36	25
L0623	16	10	6	18
L1499	55	85	67	58
L3080	169	184	186	121
L7367	94	101	103	104
L1690	11	48	65	69
L3570	5	1	7	2
L3254	198	234	259	296
L3320	55	80	93	72
L0470	30	13	11	16
L5840	57	65	55	49
L8485	61	58	50	58
L6616	24	39	40	34
L5782	23	31	33	35
L3001	156	186	190	160
L8042	23	23	24	21
L5990	22	39	32	37
L6611	28	34	36	35
L3330	4	8	3	3
L0643	127	140	122	94
L0635	80	30	35	36
L8514	12	14	10	14
L7362	6	8	3	2
L2510	49	46	43	42
L7364	9	7	7	7
L7366	12	9	7	10
L0710	10	10	10	12
L4060	14	8	14	13
L2184	12	6	9	3
L6110	27	26	22	24
L5570	1	7	3	0
L1730	0	1	0	0
L6677	5	3	6	5
L5500	3	9	8	3
L1660	1	1	2	1
L7902	0	0	0	0
L2080	2	0	4	3
L2126	3	7	6	6
L3207	1	2	0	0
L6624	22	10	9	20
L4040	7	0	4	2
L8320	2	3	1	4
L3455	2	0	5	4
L3201	1	0	1	0
L5728	2	1	2	5
L7360	4	4	2	2
L8658	2	3	0	0
L2060	1	2	0	0
L1070	2	1	4	3
L5859	3	2	3	4
A4550	0	2	0	0
A4556	548	488	217	166
A4649	1780	1784	1772	1607
A7013	28625	27413	22329	23439
A7016	867	626	829	689
E0265	8746	8598	8139	7662
A4618	1541	1455	1501	1585
E1357	6	8	21	16
E0185	12772	12994	12370	11792
E0274	169	152	157	122
E0636	906	576	273	130
E0705	2780	3021	3160	2926
E0760	2240	2264	2338	2511
A4637	62	86	67	108
E1092	1	0	0	0
E1161	16378	17047	17892	18280
K0042	252	261	219	235
A7017	6	6	6	11
K0736	2	0	0	0
E0181	32046	31588	30400	28611
E1007	2490	2847	2822	3332
K0044	166	142	152	103
E0981	824	858	837	885
E1036	152	146	138	125
E0182	220	219	221	162
A7020	465	519	524	531
E0270	4	5	1	1
E1232	33	49	45	48
E2625	128	145	153	177
A4619	8	6	2	4
E1093	2	4	3	4
A4611	11	16	12	7
L5270	0	0	0	0
E2610	2	3	4	0
E2628	2	1	0	0
A7025	0	0	0	1
E0980	2	0	0	1
E0425	1	1	0	0
E0455	0	0	2	0
L7170	2	0	0	0
S1040	1	0	0	0
L6920	0	1	0	0
E2294	2	0	1	3
L8610	0	0	0	0
L8699	0	3	0	0
L6450	0	0	1	0
L6360	0	0	0	0
E1110	0	0	0	0
K0864	0	1	0	0
L3820	0	0	0	0
L3213	0	0	0	0
K0737	0	0	0	0
A4259	0	0	0	0
A6210	0	0	0	0
E0731	0	0	0	0
K0108	0	0	0	0
A6021	0	0	0	0
A6222	0	0	0	0
A6010	0	0	0	0
L8642	0	0	0	0
L3976	0	0	0	0
L8600	0	0	0	0
A4323	0	0	0	0
A4358	50322	49366	48698	47145
95806	0	0	0	0
A6544	1	7	5	5
A6531	4455	4699	5350	5202
A6240	755	848	877	771
A6232	41	64	96	133
A6022	1180	1068	1044	1143
A6530	10981	12883	12320	12001
A6024	65	60	88	54
A4495	233	286	227	156
A5102	1345	1459	1334	1413
A6532	685	749	843	494
A6533	2917	3362	3230	3041
A4500	510	521	549	528
A6237	898	948	985	960
A6207	1836	1983	2056	2018
A6214	754	1031	1200	1125
A6246	3	3	6	31
B4100	1110	1102	1175	1283
E0635	2627	2659	2472	2384
E0604	11	13	27	24
Q4009	0	0	0	0
Q4033	0	0	0	0
Q4051	1	4	0	0
T4522	2	3	0	0
T4525	0	0	0	0
A4409	42328	43054	42997	43346
E0961	18850	19270	18902	19168
E0135	8726	8565	8753	8236
A4389	5675	6110	6134	6223
A4406	38722	38673	38353	38510
E2605	729	764	752	729
A4414	45176	44547	44074	43005
K0003	182940	185581	186154	183081
K0801	326	315	365	420
A4352	33952	35153	36007	36473
E2615	1228	1383	1361	1468
E0443	133976	132525	130098	123939
K0040	5303	5535	5400	6005
K0053	2426	2444	2283	2366
K0462	5874	5928	5309	5047
E0940	6988	6816	6494	6176
B4087	4170	3614	3017	3041
K0822	7709	7707	7266	6786
E0301	1197	1165	1139	1140
E0667	5598	6714	7260	7080
E0140	319	351	319	416
L8612	0	0	0	0
L8616	0	0	0	0
L8239	0	0	1	0
A4554	18415	21410	21168	19190
E0670	3	6	6	1
A6254	343	373	464	404
L0120	4687	4542	4459	4338
L1930	3377	3621	3556	3149
L0172	1690	1673	1671	1783
A6534	646	751	712	742
A6537	55	45	53	36
A6257	3120	3198	3181	2827
L4350	8645	10253	10427	9140
A6243	230	241	268	377
B4161	321	352	327	327
L0626	1624	1637	1533	1318
B9998	989	1018	1272	1223
L6707	11	5	2	4
L4396	9435	9870	10105	9193
E0461	0	0	0	0
E0602	2	4	4	4
Q4014	1	0	0	0
Q4021	0	0	0	0
Q4045	0	0	0	0
Q4046	0	0	0	0
Q4050	1	0	0	0
T4528	8	4	0	0
E0251	266	271	241	279
A7030	314895	330554	335776	356620
A4425	32626	32982	33234	33668
E0470	168387	173233	174519	174889
E0154	3041	2934	2873	2961
E0971	63833	65640	66816	67292
A7035	510179	532587	540689	570673
A4362	22324	23253	23368	24307
E2601	36800	39782	39107	38086
E1226	9641	9997	9757	9307
L1843	4728	4914	4907	5218
E2392	5391	5371	5485	5522
E0442	31830	29659	27633	25658
E0651	5613	6562	7100	6711
E0992	393	397	336	394
E0444	29233	26816	24722	22911
K0015	817	970	1276	1658
E0261	25097	25855	25794	26400
E1016	208	229	158	215
E2613	1057	1163	1129	1325
E0294	3037	3082	3131	3159
E0669	263	406	390	358
E0372	1040	1131	1101	1037
E2364	15	6	10	8
E2204	169	170	151	140
E0293	9	15	60	82
E0675	3000	2466	2547	2700
E2614	46	50	46	66
E2369	99	136	184	226
E2362	11	13	10	4
E0672	9	22	5	6
E0157	41	28	18	30
K0813	11	9	8	8
A4623	16891	15862	15173	15048
L5645	4137	4650	4663	4834
L5910	7030	7642	7771	7833
L5974	385	443	412	400
L0976	198	205	188	165
L5818	21	15	18	17
L5975	105	103	110	122
L5685	5249	5949	6184	6036
L5540	754	756	784	721
L5695	350	381	398	365
L5811	80	92	91	84
L4387	6462	7051	7621	7333
L5200	39	35	35	38
L5845	1516	1713	1690	1886
L1846	1707	1774	1616	1720
L1812	9031	11125	10613	10319
A4625	489	446	385	368
L5697	23	22	40	33
L2280	1782	1795	1932	1971
L0150	397	386	378	364
L8500	172	158	164	148
L4205	3446	4009	3902	3363
L8501	1751	1760	1677	1732
L3760	3183	3143	3611	4419
L3221	1866	2327	2306	2433
L3600	80	96	110	76
L2810	1667	1698	1580	1547
L3100	641	618	533	592
L2250	485	621	617	603
L3040	1925	2100	2080	1913
L6695	23	9	15	18
L2180	56	45	51	62
L5666	87	105	105	100
L5100	50	45	52	40
L5856	430	510	444	600
L1240	22	21	16	26
L8511	40	41	49	54
L3031	272	336	368	373
L0200	84	92	80	91
L0639	190	128	96	69
L5676	61	78	69	67
L0160	85	77	105	72
L3921	194	209	214	219
L2132	2	2	2	4
L4110	137	152	172	150
L2370	42	48	54	38
L4392	18	40	23	27
L1020	16	10	17	12
L8505	36	65	43	68
L5450	182	128	130	132
L1030	3	2	3	3
L6620	12	24	20	17
L3253	17	23	22	15
L6688	41	35	44	40
L3440	36	33	44	25
L3674	21	23	63	33
L2037	38	40	38	36
L3370	67	57	68	67
L0622	16	19	12	6
L1250	19	7	27	19
L0462	122	126	110	99
L2861	3	9	6	14
L0480	20	16	54	23
L5816	35	27	32	23
L2620	12	21	8	17
L8330	7	14	7	13
L6696	27	17	14	28
L6628	15	9	7	15
L6670	18	22	25	20
L0980	3	1	1	0
L1836	121	84	56	52
L3430	35	80	72	36
L6686	46	51	55	56
L6881	84	59	69	70
L1834	18	17	23	22
L5105	12	8	8	5
L1910	36	62	41	28
L2640	8	6	5	5
L1848	1	3	2	4
L5707	11	17	24	20
L0490	3	3	3	4
L3764	26	24	34	24
L1310	1	0	1	0
L0112	3	2	1	3
L1685	13	14	12	9
L5706	11	20	15	13
L4055	10	15	15	10
L6500	6	6	4	5
L1840	10	6	10	12
L5718	3	2	1	0
L7600	32	19	35	34
L3901	12	25	16	12
L0629	12	20	22	12
L2610	10	9	10	5
L2010	1	3	1	0
L5430	1	0	1	0
L1650	5	2	7	5
L0624	6	10	4	5
L6885	2	3	1	1
L6320	4	1	1	2
L8618	0	0	0	0
L8614	1	0	0	0
L6637	8	3	1	4
L6625	2	1	1	2
A7014	2188	1993	1965	2002
E0100	17472	18841	17265	16111
E0188	1051	1123	825	708
A4616	742	661	606	601
A9999	2407	2257	2234	2204
E0116	76	59	73	60
E1356	146	159	114	75
E0296	89	78	75	77
E0430	5	3	1	0
E0484	1321	1272	1182	1219
A4627	656	551	468	452
E1030	29	36	28	37
K0830	3	1	0	0
E0487	3	3	4	1
E2222	127	132	152	156
K0038	837	901	854	1004
K0043	300	303	328	342
E2622	4769	4933	4964	5271
E0574	1270	1148	1096	1030
E2221	187	165	218	162
K0051	73	57	51	50
E1233	87	96	112	125
E1060	0	0	0	2
K0831	13	13	22	23
K0837	54	43	48	39
A4606	436	460	471	461
E2225	139	155	204	169
A7008	71	66	54	55
E0575	7	4	2	4
K0850	19	19	11	22
E0198	0	0	0	2
E2397	4	2	12	16
E1405	0	5	1	0
E1237	4	0	3	12
E0580	13	13	12	13
A4575	23	22	30	45
L6388	0	0	0	0
L7186	0	0	0	0
E1017	2	0	0	0
E1150	4	4	3	4
K0840	0	1	1	2
L5714	0	0	0	0
E1190	0	0	0	0
E2230	0	0	0	0
L8680	0	1	0	0
K0812	0	0	1	0
E1070	0	0	0	0
E1285	0	0	0	0
L5724	0	2	1	0
L8619	0	2	0	0
L6588	0	0	0	1
E1231	0	1	0	0
E1290	0	0	0	0
E0570	0	0	0	0
E1810	0	0	0	0
L3810	0	0	0	0
L3140	0	0	0	2
L4020	0	0	1	2
L8691	0	0	0	0
L6714	0	0	2	0
A4349	24784	24462	24087	23377
A4326	2377	2511	2492	2396
A4310	15832	14365	14192	13374
L3807	12639	12774	12513	11363
A6233	24	50	52	29
E0676	3903	3912	4127	3501
A4590	3	6	0	0
A6238	229	193	196	177
A6549	3497	4310	4300	4919
L4386	7873	7835	8010	6843
E0464	1	0	0	0
A6538	3	4	4	4
A6244	4	15	8	16
L1970	7234	7666	7815	7689
B4103	88	82	84	67
B4157	273	278	277	280
L1960	4939	5404	5180	5320
L6704	16	25	26	12
L7007	30	29	25	37
L6025	0	0	1	0
A6256	1	5	7	2
L3480	413	432	433	379
E0650	650	504	521	551
Q4008	0	0	0	0
T4526	6	9	0	0
A7027	2410	2388	2231	2221
E0431	1111706	1105549	1084589	1049518
E0260	329016	327158	321436	309985
A4351	121214	122559	124897	123979
A7000	45244	45767	44974	43152
A7038	769347	823168	810809	867293
E0141	774	753	1955	3402
E0159	1443	1588	1737	1585
E2607	2849	3106	2980	3291
A7036	46221	48436	48128	50584
K0006	24233	24196	24787	24762
E0910	23399	23227	22348	21723
E2231	2040	2271	2422	2653
B4036	14106	13717	13277	13027
K0007	17029	16998	16938	16590
B4150	72510	67290	62439	61279
E2211	1812	1820	1838	1834
E2603	2704	2901	2870	2626
K0077	1543	1576	1514	1340
L1902	27174	30950	31267	28618
E0950	1135	1294	1213	1209
E2363	3216	3762	3108	3239
E0302	79	71	66	74
E1031	4964	4948	5060	4966
E1225	2129	2217	2371	2520
E0668	594	781	865	897
E0911	243	249	256	270
E1391	135	124	114	147
L3000	12141	14008	14060	14169
A4624	13023	12875	12517	12069
L5637	8693	9281	9475	9607
L3310	1156	1354	1354	1363
L5705	934	950	1012	1012
L5920	2424	2602	2544	2805
L5970	86	109	99	92
L0174	3496	3513	3620	3243
L7900	61	50	42	45
L0456	1582	1626	1659	1618
L1652	274	248	252	246
L3906	3736	3807	3646	3717
L3980	1214	1276	1187	1197
L2385	414	453	428	436
L2999	1176	1169	1128	1016
L3762	1234	1209	1092	1137
L5655	560	569	588	562
L6660	108	91	112	99
L8020	3534	5363	4821	5671
L8507	518	546	516	555
L3010	2390	2686	2498	2463
L2030	16	18	20	27
L2780	1235	1397	1256	1255
L0180	1891	1674	1892	2187
L2330	7047	8013	7857	8264
L2116	570	430	394	419
L3763	484	520	504	521
L3300	302	351	326	328
L3925	988	940	981	913
L2340	1250	1278	1265	1369
L5978	53	45	69	59
L6632	12	22	14	13
L6935	39	40	41	51
L1900	34	22	33	30
L9900	61	64	56	45
L2232	368	360	394	437
L2240	19	29	22	30
L3390	308	325	352	336
L5822	42	44	56	39
L3806	369	398	409	379
L7499	88	77	98	91
L3917	168	166	202	171
L6884	3	5	5	4
L7404	55	41	40	43
L0454	67	56	81	54
L0130	29	17	24	28
L3927	840	888	952	843
L2034	8	7	10	19
L5643	31	30	32	43
L3500	2	6	12	3
L8032	229	260	223	260
L3916	5718	10951	12122	15733
L0466	10	4	6	3
L3070	40	42	49	54
L6655	35	16	20	29
L5626	32	24	30	35
L2768	19	31	36	29
L5580	81	99	104	79
L0190	19	26	22	26
L1005	279	413	417	406
L6621	46	36	27	37
L0455	24	32	33	28
L6050	7	3	9	4
L6883	16	11	17	12
L5966	4	5	6	10
L8049	14	15	22	10
L5973	112	106	115	141
L8035	31	59	45	60
L5682	33	35	44	45
L0700	2	10	3	5
L3590	2	1	2	3
L2526	9	15	7	11
L5560	1	1	1	0
L6648	0	0	1	1
L6684	12	8	6	10
L5341	2	6	5	5
L6805	8	4	3	3
L6550	0	2	1	1
L6690	2	0	0	1
L3678	1	9	4	21
L2600	9	16	7	14
L0810	3	3	1	4
L5703	11	7	8	8
L6600	9	2	6	0
L3977	1	6	1	0
L1230	1	0	1	2
L8220	1	3	2	0
L3904	1	1	1	0
L8043	1	6	2	1
L6712	1	0	0	0
L6610	4	2	3	7
L6205	2	0	0	2
A4628	11974	11773	11565	11201
A7004	29824	27657	23548	23140
E0114	16353	17555	18386	16876
E0486	2871	3107	3294	3215
E0560	94	69	51	62
A7015	45331	41834	33493	34833
E0730	18161	18030	11601	9092
E1358	2	0	2	2
A4612	1	4	4	14
E0621	2048	1730	1728	1702
E2624	1851	2052	1904	2045
A6512	41	20	25	10
A7002	16064	15721	15565	15291
E0199	76	61	51	52
E0315	28	21	26	47
E1130	1	2	1	2
E2374	24637	23782	22287	14622
E0184	4467	4492	4223	4386
E0930	14	11	8	3
E1035	1091	1025	767	695
A4640	330	267	264	230
A7001	668	635	598	504
E1015	68	66	119	172
E0273	1	1	1	2
A4635	3	2	9	7
E0500	499	481	473	450
K0740	11	12	11	8
E1406	12	13	11	8
E1029	320	288	280	318
K0105	37	55	74	59
E2626	2	6	9	1
K0839	28	20	26	23
E1235	34	46	47	41
E8001	6	8	3	7
A4613	2	4	2	3
E0113	2	3	2	4
E2630	4	5	0	1
E0968	8	3	1	2
E2227	13	2	0	3
E0618	0	0	0	0
E2293	2	0	0	3
L6382	0	0	1	0
L6380	0	0	0	0
E2292	0	2	0	0
E1011	1	0	0	0
E1087	0	0	0	0
L6975	0	0	0	0
L3907	0	1	1	0
L5644	0	0	0	1
L6130	0	0	0	1
L6642	0	0	1	1
L8140	0	0	0	0
L3800	0	1	0	0
A4452	0	0	0	0
A7005	0	0	0	0
A4258	0	0	0	0
A4256	0	0	0	0
A6212	0	0	0	0
A6209	0	0	0	0
L3970	0	0	0	0
L8615	0	0	0	0
L1755	0	0	0	0
L3208	0	0	0	0
E0295	3323	3386	3926	4928
E2604	291	336	280	279
E0660	21	15	25	18
K0070	878	835	2801	2771
E0472	20	18	17	10
E0292	31	27	31	22
E2367	68	95	97	111
E0371	407	347	342	292
E0290	27	32	29	25
B4081	33	29	28	24
E2383	124	157	107	108
L5671	7626	8147	8114	8350
L3913	5406	5280	5134	5375
L3230	366	437	341	351
L5650	3109	3291	3246	3565
L5701	1259	1317	1291	1400
L5950	2530	2696	2673	2964
L5694	99	106	125	99
L8410	384	394	427	420
L1833	45715	44426	42128	48002
L5984	488	582	551	607
L5848	481	547	507	653
L1932	4427	4665	4728	4467
L5925	796	938	936	1006
L5971	27	25	25	29
L3931	351	481	418	469
L3334	255	292	233	229
L2220	2469	2731	2755	2615
L2275	8607	9274	9156	9365
L0982	13	11	19	5
L3265	954	1042	1109	954
L2210	3152	3346	3251	3283
L5696	32	28	43	31
L6675	73	69	94	87
L0972	171	183	196	250
L3675	550	440	411	475
L2020	175	198	204	224
L2800	141	114	140	173
L2200	1935	2189	2173	2147
L2108	34	20	22	31
L3766	70	88	64	62
L8002	175	227	231	259
L3702	536	509	548	538
L2005	93	96	93	104
L3610	183	211	173	178
L7368	145	185	162	168
L7400	122	103	128	132
L7403	121	108	128	141
L2106	30	17	16	25
L1945	357	344	367	362
L3620	276	363	340	332
L2624	212	216	254	236
L5698	83	73	87	99
L6698	44	49	40	40
L6630	24	28	31	34
L6672	28	28	21	35
L6682	57	48	54	56
L5976	142	150	154	155
L1200	8	6	11	7
L4090	19	23	26	21
L5824	3	4	3	0
L3671	127	129	102	107
L5510	3	3	8	8
L5702	20	15	12	17
L2380	15	25	23	31
L2136	11	16	11	8
L1120	11	8	14	5
L1847	2	10	6	5
L6055	2	1	4	5
L3520	8	10	16	5
L5331	17	15	21	25
L4130	9	6	3	4
L2650	12	8	16	5
L0467	8	9	6	2
L8039	18	30	14	20
L2300	0	1	3	2
L8510	10	9	14	4
L8040	12	17	21	17
L3640	0	2	2	0
L5520	3	6	3	0
L5982	20	12	18	13
L5280	0	0	0	0
L4080	13	10	13	8
L3003	26	58	42	55
L5640	5	11	8	4
L5150	1	0	2	1
L5230	7	4	3	4
L5795	1	2	3	3
L3971	3	3	2	3
L3928	0	0	0	0
L5642	1	2	1	0
L6120	5	1	3	1
L8605	1	0	0	0
L8624	1	0	0	0
A7007	4726	4575	3721	3484
A4217	8688	8245	7771	7864
E0111	90	119	105	83
A4608	15	11	8	11
E0144	82	97	126	132
E0555	50	29	31	46
E1037	20	23	25	17
E2609	1042	1173	1130	1136
A4614	247	205	163	150
E0605	77	37	35	58
E1354	7	4	4	12
E0985	73	144	150	74
E0466	70502	73622	77588	82509
E0197	501	461	568	1043
K0041	83	113	83	74
E0982	473	496	504	527
E0995	519	570	558	590
E0572	39	32	31	20
E0480	159	171	137	115
K0841	112	106	87	86
E0189	329	457	557	446
K0843	54	38	48	39
E2218	69	61	81	72
E1236	125	136	144	147
E0994	49	72	44	23
E2629	0	0	0	0
K0863	1	4	1	2
E0920	8	8	8	5
L5505	0	1	0	1
E1160	0	2	0	2
K0842	30	20	32	31
E2633	0	0	1	2
K0050	2	0	1	0
E2217	33	26	16	28
E0435	0	0	0	1
E0329	15	11	15	13
E1250	1	0	1	0
E1224	1	0	0	0
A7026	0	1	1	0
L2580	0	1	0	0
L5716	0	1	0	1
L8044	0	1	1	4
L8190	0	0	0	0
L0210	0	0	0	0
L6640	0	1	0	0
L3932	0	0	0	0
L1815	0	0	0	0
K	0	0	0	0
E1296	0	0	0	0
K0735	0	0	0	0
A4595	0	0	0	0
A6253	0	0	0	0
L7260	0	0	0	0
L3911	0	0	0	0
A4314	27519	24827	24742	24325
A6541	6	2	6	10
A6198	205	184	168	175
L3923	5569	5853	4988	4775
A6536	101	108	86	107
A6539	477	497	471	527
B4158	35	24	38	34
L5321	1467	1587	1582	1762
L6709	7	2	3	6
L8300	272	269	275	251
E0655	86	50	36	36
Q4018	0	0	0	0
S9342	0	0	0	0
T4537	2	0	0	0
A4324	0	0	0	0
T4536	2	0	0	0
E0255	9039	8262	8059	8011
A7039	202273	208877	212045	222505
E2210	1560	1685	1778	1735
K0019	6200	5974	5634	5297
L0637	8701	8621	8219	7732
E2361	8360	9369	8427	8676
E2620	3494	3928	3889	4273
E0155	1488	1338	1467	1691
K0738	254568	253616	251134	244447
A7028	2224	2039	1831	1745
K0825	11428	11979	12064	11960
A9276	4413	4588	4490	4942
E0990	5074	4874	5100	4660
B4149	993	1012	999	1027
E0652	516	652	683	793
K0069	483	451	457	454
E2384	372	367	280	299
K0815	121	113	115	111
B4083	10	10	8	8
Q4034	0	0	0	0
T4543	2	0	0	0
A7520	6047	6012	6050	6002
L5986	4008	4441	4513	4594
L8000	40124	56117	56535	64071
L5649	2947	3133	3140	3441
L5652	982	1058	1069	1159
L5980	504	630	645	663
E0483	11310	11893	12676	13697
L5972	3218	3357	3413	3475
L3020	6453	6880	6819	7349
L5930	61	80	78	72
L1844	1303	1508	1490	1432
L3050	388	397	430	393
L2415	456	451	508	432
L3905	144	154	126	129
L6665	64	51	57	62
L2265	837	893	852	840
L2270	3601	3845	3843	3781
L2390	242	248	218	276
L4361	32632	36660	40095	39546
L5683	397	437	466	488
L3170	1539	1870	2474	3085
L4397	5433	6634	7068	6693
L3485	346	326	333	308
L2036	848	927	880	867
L2425	494	504	430	346
L4210	1679	1885	2040	1758
L8499	270	299	317	304
L1686	576	591	626	584
L8001	413	463	442	518
L7510	1048	1262	1373	1292
L2260	87	126	106	96
L5530	268	238	266	256
L5632	111	147	138	138
L3929	438	384	340	335
L0140	380	368	439	365
L0450	140	155	141	139
L6691	12	25	15	23
L2387	89	78	79	104
L3540	215	245	265	233
L5220	25	26	24	29
L1210	20	27	26	14
L8513	147	203	179	222
L2670	1	0	0	0
L6400	6	5	1	9
L5678	55	81	59	63
L2430	161	169	179	135
L8031	26	32	33	34
L5781	533	620	692	754
L1904	121	126	105	110
L4394	9	5	8	6
L0113	47	45	41	32
L3580	208	236	205	153
L2395	141	221	193	216
L3219	173	224	209	239
L3918	74	89	92	83
L3677	50	28	21	24
L5688	91	69	77	67
L3090	61	60	61	54
L0999	88	84	88	98
L1600	23	18	10	13
L1290	23	14	30	21
L5653	40	40	52	42
L3410	88	131	115	87
L0492	11	5	7	5
L3999	657	736	651	651
L2182	11	24	20	16
L0970	7	10	4	9
L2128	19	17	20	19
L3900	180	162	150	116
L1010	8	6	11	10
L3255	50	51	55	76
L6882	106	83	82	89
L2500	6	8	11	3
L0458	45	56	52	47
L6615	29	46	45	46
L2630	15	32	15	23
L6693	17	18	26	20
L2040	8	9	4	4
L5656	5	10	11	7
L5600	2	2	1	0
L5672	17	18	22	19
L0859	0	2	1	2
L2192	10	10	13	4
L6638	2	6	0	3
L6676	33	21	24	27
L0491	15	8	11	10
L6350	0	0	0	0
L5614	1	1	1	3
L6810	2	1	3	2
L2188	3	2	7	4
L6580	1	0	1	0
L8048	11	6	10	5
L5400	11	13	10	16
L6697	13	5	13	11
L7180	5	4	8	4
L6960	4	1	0	0
L3973	5	2	2	4
L3206	1	0	2	2
L3954	0	0	0	0
L1860	0	0	0	1
L1080	1	2	2	5
L6950	4	0	0	5
L6925	6	1	4	6
L6930	2	1	1	0
L6945	2	2	0	1
A7010	2747	2723	2310	2224
A4636	107	151	200	189
E0153	88	88	80	78
E0297	72	74	65	74
E0630	73792	73642	73675	71467
E2359	1743	2015	1899	2020
E2623	269	328	262	261
K0009	31	78	71	73
K0733	550	718	676	572
K0898	0	1	0	2
E0565	8339	8291	7725	7186
E1352	2	1	0	3
K0037	47	48	40	45
E2220	221	217	276	224
K0848	344	348	325	374
K0861	2415	2796	2819	3378
K0856	1176	1182	1160	1298
K0072	200	212	294	214
E2219	410	437	691	703
E8000	14	8	3	10
E0974	2429	2331	1991	1431
E0967	35	36	45	35
K0669	67	68	71	64
K0862	161	212	217	204
E1234	63	74	89	96
E2214	132	135	152	152
E0457	0	0	0	0
E1240	1	0	1	0
K0065	25	36	39	28
E0619	5	7	8	3
E0948	3	2	0	0
K0857	8	9	12	10
K0853	2	5	1	4
E1222	0	0	0	0
E1090	1	0	1	0
E1260	1	4	0	3
K0859	2	0	0	3
E1229	0	0	0	0
E0187	0	0	0	0
E1228	0	0	3	9
L3969	0	0	0	0
L6915	0	0	1	0
L1630	0	1	0	0
E1280	0	0	0	0
L3805	0	0	1	0
L1110	0	0	0	0
E1172	0	0	0	0
E0105	0	0	0	0
E0720	0	0	0	0
E0600	0	0	0	0
K0005	0	0	0	0
E2375	0	0	0	0
A6266	0	0	0	0
L3978	0	0	0	0
L3701	0	0	0	0
L1090	0	0	0	0
L3936	0	0	0	0
A4320	3345	3138	3094	3064
A4344	5336	5054	5080	4671
A4311	2982	3240	3036	2794
A6223	5344	5535	5853	5566
A6011	345	354	310	310
L4360	23524	22896	22343	19598
A6248	8551	9294	10090	9498
A6251	1176	1227	1602	1863
A4490	11	18	10	5
A6242	940	1084	1181	1505
A6204	264	318	396	419
L3260	18461	20196	20775	18142
A4510	182	317	197	117
A6247	23	30	38	33
L6706	37	29	45	46
L6715	14	2	9	4
L6880	45	37	42	40
L8010	613	757	673	690
L3510	123	135	113	82
Q4006	0	0	0	0
Q4038	4	2	0	0
S9343	0	0	0	0
T4524	0	0	0	0
T4541	15	15	0	0
A4430	6235	6275	6238	6331
A7032	216575	233375	228736	247845
E1392	235187	238133	244528	249342
E0149	4705	5379	8292	14595
E0956	4527	5091	5310	6257
E0973	35262	37233	35753	38131
E1028	17422	19337	25408	37102
A7034	422028	445496	446371	478334
E2366	5432	6363	5207	4983
E1038	46331	47126	46961	46048
K0002	22142	21938	23509	25178
K0195	229607	233791	234207	232799
K0816	7225	7233	7025	6719
K0823	63962	65183	65028	63129
L0631	5237	4986	4889	4322
A4353	18599	18203	18085	17441
E0439	26640	24118	22167	19743
E0935	19701	16808	16216	16942
E0256	382	478	588	622
K0052	2704	2399	1967	1758
E0784	41836	41755	41050	41542
E2208	2807	2897	2757	2737
E2209	1553	1728	1633	1632
B9000	72	87	64	41
A7044	136	120	112	113
A7045	1176	1208	1201	1359
E0304	329	323	341	339
E2202	921	1026	1105	1061
A6550	34324	35143	34365	31518
E2396	694	911	714	890
E0130	123	118	93	73
L3710	198	261	202	246
E2616	50	66	76	71
K0802	30	31	14	15
E0665	20	18	19	15
E2371	5	8	9	5
K0829	29	29	30	41
K0828	22	14	14	10
Q4032	0	0	0	0
L3060	1324	1614	1548	1476
L3960	8672	11647	13289	17014
L5620	8522	9137	9305	9419
L0642	8334	8945	8083	7520
L8440	4226	4244	4323	4275
L0650	40996	47248	50135	56695
L5590	271	298	275	321
L5814	131	148	157	170
L1831	1257	1229	1231	1316
L5658	33	31	29	36
L5988	254	292	269	262
L3808	5710	5553	5281	5308
L0621	1023	1019	879	800
L3630	187	200	157	167
L3730	52	46	35	40
L4002	1642	1972	2005	1556
L2840	730	848	775	701
L0464	1070	1050	1233	1259
L1850	183	194	175	173
L3216	2991	3933	3805	4373
L6629	90	70	72	80
L1300	18	25	31	20
L5661	25	22	26	32
L5810	74	73	61	48
L6890	146	124	172	124
L3720	51	35	41	40
L2492	119	119	122	100
L1220	148	106	141	93
L3250	26	54	43	42
L3595	1	5	2	7
L1040	8	7	4	1
L1060	5	7	3	3
L2525	64	75	87	58
L6250	28	18	15	23
L6635	11	10	9	17
L0641	1193	1420	1345	1234
L2186	23	17	26	21
L4045	6	6	9	7
L7009	37	32	34	40
L3930	41	69	66	73
L3340	35	32	22	36
L3380	13	10	10	16
L5711	5	3	3	7
L1260	10	9	7	7
L2760	24	46	29	30
L1280	10	2	2	5
L5312	21	17	25	16
L5855	16	18	15	22
L5960	36	38	34	44
L6605	2	8	5	4
L1000	0	1	1	2
L2660	3	3	3	3
L5961	5	4	10	6
L2628	3	3	1	3
L2310	10	5	8	12
L3470	7	4	16	4
L3962	28	20	36	25
L2627	2	2	4	8
L6955	16	15	19	13
L3560	36	15	23	22
L2000	15	16	11	16
L3160	1	0	3	0
L3251	10	11	7	7
L0632	10	3	3	5
L3211	5	6	4	2
L3891	10	24	9	9
L2090	0	2	0	1
L0634	10	10	3	3
L5726	0	0	0	0
L1901	0	1	1	0
L2335	37	75	64	19
L6646	5	2	1	2
L7405	10	8	4	7
L5250	2	0	4	1
L8512	9	6	17	16
L6900	0	4	3	1
L0651	42	29	69	29
L6711	2	1	1	2
L5410	4	2	11	3
L6905	2	2	1	1
L5460	12	13	4	10
L2035	0	0	1	2
L6310	0	1	0	0
L1610	9	4	8	7
L6570	1	0	1	1
L4380	0	0	0	0
L0978	0	1	0	2
L5610	0	3	2	2
L6623	4	2	5	8
L6910	0	1	0	2
L6370	1	1	2	2
L3203	4	2	4	3
L6713	1	0	2	0
L0861	3	1	1	1
L3845	1	0	0	0
A7012	3244	3300	2746	2755
E0118	2091	1801	1816	1666
E0485	7	5	2	6
E0748	6787	7272	6955	7610
E2619	775	733	767	875
K0008	1	3	1	0
E0112	58	89	74	59
E2226	345	339	461	368
E2321	2486	2150	2219	1770
E0952	346	378	360	442
K0018	197	200	188	196
A4605	3410	3371	3406	3320
E2311	3425	3852	3852	4430
E2310	1129	1047	1051	1164
E0550	555	544	524	472
K0020	96	75	105	82
A7006	327	187	174	181
K0047	126	115	130	144
K0046	28	35	64	43
E2207	56	44	36	40
E1140	2	4	1	4
K0073	11	9	13	3
A4617	58	46	107	494
A7009	31	13	4	7
K0836	56	55	53	74
E2631	10	2	5	3
E2215	18	10	35	23
K0854	0	1	0	1
E0946	9	7	3	1
E1088	1	1	1	1
E2295	0	0	1	1
L7008	0	1	1	0
L8047	0	7	1	3
E1089	0	0	0	1
L6586	0	0	0	0
E2291	0	0	0	1
L6940	0	0	0	1
L1025	0	1	0	0
L5675	0	0	0	0
A4253	0	0	0	0
A6446	0	0	0	0
E0163	0	0	0	0
A6252	0	0	0	0
L7261	0	0	0	0
L6970	0	0	0	0
